85154159692683620496919528810096786242562328424043551920802282499317316434308
23511268876502331841686704912968766398489483884636475335839010014684431149227
35320173302357496950929390705149104007737863121038821329168147601767741579827
35351312646856580712486989275821597347580293605189957249792103621336233626636
33103760034337790893815092050339391226011307887457266155868035805373267392075
79274918551956867477227125711485909375466046718125505521181084454866163919683
107120218774967829842351374096938852083279140107429427004296708981772787066244
108260000804193644784994336484960293769987002673348866352704357121264676584294
28841278009834699824244598473096491688726105225812916127064850960881107739659
73262760147912657764475087950157837817183458445394546862518245861187811721016
66695167249436569325921513453341735398429279260486607840891375176668561577341
59394295300227903049339047681443900948586092653621733684877249655064096700354
28856597742422791471536934386815422426946495552955593454521890070101517205639
43862673343224795403490998802837872520129861982541704700980642520457168439781
66927000376113875707093631301920462313392695693669583462581343058712562558158
49091976201673981217335269088338119889539034227743238761277861232109377098226
105948360122652700513625998117386560776969410139637372580103933085665579285847
24098368571070314650368474956533977859195267318803126781262100704028573269534
110299215837468832513438772810050905814420060866829422633836026712753380580364
30929765005506445235201492702444452128919375226813315588234766092365423679748
36193064810210505058696871774007960365822805084749534075498118942717311549418
108077219651001760718013567579122119122847605222836072773486341458227959158191
44910804314546918084163641678331007779375243015550843740590580039238116255764
2088719661606061385807212474706497299207881104464258589884845974698589852125
31069006087399544402293819673524005364029864985418620966099573205112808755460
97656989532023601765127155210259655034703403603044164284347738372978732430952
65639483756429954168988614166774625414112061999701419064880846748452131079191
1777348117249922242819157882935489543396595999818856392940560772007526912039
89901989364035910440225540154947881146775278358494914018373838728608046918285
37038030609936096834153192003836435502901316974816451048348970320747808122532
69573428532600556393860426189862844493612823756005297124734729644411976832223
111124045215205969457245061772929091530810421426383647372434872074983508898070
32911513934897931040259906511075510938765170243663414912260591868638476760788
7055212756358743715143629377935132160154968024707203123754761200116502161483
7903845961484027774093645410316780288538079876568405776969115800995427878188
3002755256210303287558740822062963134149539459272565834944495552384146546709
61005903488023013295785100191965513487133644495040333966715293495702868491673
23818557446140475051840678978798353539566074706045310840458383318060287940472
80632955930175081087684171887435222764746360970471431991779223129226294778439
13749846678008155103835406680934163385488410948608317834010510091460939335575
87199276824134505628889215057474734823814343565323401011942408940285374261607
94669691442859452022195973731567464048552805645121513415825560672928611835965
70563575604931110672167939320142923621261827298515566037724539270273628516041
105471311550300392662039569200255414088283528388576632144868211698022727041848
91729451344815872554115784227546302376611492660795911125357917831206041810185
59570289257533571178893749876925125892656640736169706513338453162376650114395
69464422715585749976772551408847816626049541325229136566536572434157505761967
105902926887593343158785768271673807463570690577171878150620364839052435905531
56778024914005473501913267689071201502283977329243872374536728897335495863492
45098740566706633627020188757520755077617546015322793326039276482421317103796
32576851157874451736983878772005302823404341393510899618059114429130292039027
5185424439755152275412677062880293836337249348236136805691006869307258975692
19575196849471776516678256623333575479198622993439553597425243644994091894709
67063660250383371195352477366797855221034296686009347900812892799825923153177
111064896286922332584024698894308050052443112605806801102289620167700157022547
106231267325333921775410618113990571780021700623408273944005874219739083446344
110522106718257111726898865763666984668921206417212790952268137960559879571153
97758473893974782973547635013201903016359469231326256730394130131297578109768
29664101823249669983237310812998102610031856808584196701403993622373112552705
84810227464316639534300292930322316177649948337805902090617888172977694946709
33936013084153997248164532424448450025404272695065348509648129833882047783905
84807997434448192858894429894112071598789105998107735330897483405271838841776
2883149330682364463389559743058699980804529650081403643238206204398158291298
36922211595207871705062026069359026727217981722084043210595926810209114031719
49544799575191484881058029052196504733392270645840497898338965747951928825791
2394782882208155440512750483838731407698396748957896318628094563977326560173
44383508937416234426437777561194703405220794064348823193281490279254584510196
47357897749612638558039648899124225338744552273075265012989278539276130469333
106710343477341099391059047661705474142738474683395066343628454626777974126643
2306008243922119427444691951618351607646640825746942181428997302095636304726
107025093651939043260500057676793401964245261102879168661584727159694846243864
80119866810661903213954932397857690756079279557836607730577471009296341694448
4783218087688143613791203254103458765491888199893552596537238714867362142182
77761028384286936495350477102107830891693837595893455595534962181968266942820
93563649524556401018949702558566334571412553669421727078453018254341610467551
109682592354161602657249708811087180000180081179289801436690258807142243741271
12262104853960872633065884421545406678230766456429094214531482225112017966750
105417385237808917810638111973206345732705534423494217632666099198614621372391
57898502307275617243785574112611293861439492897223958991648057421582064675076
4678200967534265618415668038571282351057056673101684986894603179198810365913
34011653914709816539493967022667301724442531325544288752886113301406934617916
10195605844578447080785631048820758788168985719375240565605616945644466526024
108418831539495182835455412938357986223089211119095025752783014920094435828690
112641892746144358390999285739719966953019682572687421473161872425756545053866
27388579473647410409909968856249924071201982608115778985482326529851507712742
68466726365586674211616571008605264758040347399806445251868752157609217748245
97416369105401708409718242381838397272724164164762461623731964845331467408839
42745048685052684355563809964259228834274567336788336823026576368895942358993
55131803607668254462980519642502637447192064956458571788423656253099574210313
90639341666721847821625973980177534853399899486528452147992048531791483890486
70302374914849880098709343686491942840071736703129191123464437125654030478588
17646714095693419698701107928646641605157167584729323974481006527983571060679
111708796821927441326449156055089795140500584937631350236468615235113730193146
52480671656150140334326856975473320609833445023752266296619749767216154880640
6662460242480579647247278033688597778921609794189484768268682708339587541985
61019748773184886908598095142203945570919816781780325418400447044978747513442
60785116660319541101796317258318947261694606098096002172919027999884129833576
50235750785867781069420054133591637818065417925666126589149991035342127633898
45304930396505329168383266457006135003283839226108375695843840476088718498293
11933777318836295165516953305716856802024823747951230063256944905563045204067
107835355427208020964281045054334742985791856671868150650159139800546899896724
60693853696087466693363175128472339440740520550208680172516179632112231853034
77040691322270262491332854567384665839932958968463265733381685150768478650999
41027060239477196782256580175042022027007679105101420991371811082423803817736
89454408603096713839142080801013595096169166267212702020902665300179777528494
107591906641342201143499179567970521292361066900102563741014436293209674347264
66328340049355508249576981606210016286235054350118765212060279982011345570045
33928698367766497209208337464452951871991689086532807621847421189445717853693
19616686168851031409871660179496250339173554389380198380486577939244669773259
87950086184149270144362602538450422910429405966595221449164407969815522693059
