45952488981502348399540523434643898585210136227660707674748688621421665691317
98069114798323080395961337974593483376053890534512481775134161118809518890483
27838273696776500316877283084968539963957385742390497415685344371848010297114
26202583025121291051356607079360616058750048518428811586204054541817572143818
72038276507977009406133129556233080347145188076730099251373871478695194493774
65109580673281452658512445762322658670100567325553581737008234502005829037589
29388341594266504177389379154899919018063002602228989777489432347236690577195
72097729683740023561971060776879287906867755628180864959832942796437698528867
71281443425106215504700243766917454343420993837389641279773954787485172585216
52251000803368035614385776235552392728784949865594440022123704873295587627530
89345035074026400702974717533036256278881832752496042157162262804545415901982
114565932264622440395354850304952451869228628010674947507709645040324487068381
93991403507679226723872240416703261229218201001510974337232618175682795771905
106804969671374293462888559856897732450933298560883859482977576240153546108877
58858115053246058566436733390194152422809900016620169658448758022221438124007
67353809917137197369129791329976566372657958033341567451997963570468660918371
91628248069320959543258494604543619153664616250038741941209222776115420337550
75343726099301807978735480306332284438663750383343277123290878130134026540143
76533769676431965346077753726347581346507002183744435511107377111411818631298
80236718288702562240843274906522633947687579841866721244998152700563190301281
22801794906826364562845408023336355035935113313274858808905147885309749747547
1910691907979363308459798925662104917726369916432900194028143346400335510397
20794087990724803643993294562200246841279341012545523771029938371170112595263
80705046274042627833068775039915057757213965691040164588007027977484489725631
34846632201524348221589557684250345919714374786422965835624557700989206162467
106638559943845872660982315763143320505849490604334206999279463398627059272835
115283618031347786188281138186616575361813769268046836951432636760678467342403
100747350177168838731656223587197739829897305532958442804543110045836813276546
59185240880190232476604856887677192719775636578060796552770222102122523047784
23257079321249531263402209160045609198078962211809070139298934693947712103881
104081797830865164329339012580927185354205875045060577085391462936873049324772
108284468433216186161816766277723199530135325107962424309422701739923263120517
38759589341646641431551481657050890222800126001797751628001009167871576936013
55368347270745339316246003010199091282822030043002879100888361702639535613904
60661927887814400918956976594647649985221885569635638681067581110086455118262
46667841274062488923890135924782539670106641931274123439958099299816918142878
104139579295927535239119645024023673056674845369485951963238360890624637970338
34918533882581756260301909589512748824758132603426679649409834021075895368085
84706799483405628284096650574181585438022702043776645104251456513572323133124
37863709015770399011045026758267532402350237222403988874922249673443610038848
52259212036293207017838419667514263645687883255835287979085304352006457899530
84866068566657089024195694699801053292984226655244597815162524553164815400784
56284533583772745346662556959350278347889383018410120446469996007368563181572
25879829065667920399858508209783507840841848247187849834999540924916771419296
71674047070857114468918145271576795105213764930581522989200460367041319419607
4694767879738399682079079834308841129098609839967657505360035913356532161881
77540311461925568126332578460832015925426526169062913050854593560224452493325
98629930355263727974380119679532037681194737473749736100672949579499898224403
109575118939704302721984635119643230238219842798938285123813734527121927299610
83312092242477650483603414642342739137839284826481771707329591189866738674573
57224338640587423771809618582864691387970294380208082766474891932939667511892
63784363278659752051239877686395041618509003003356372341521595803040404507808
96721766532769029440264097472731345516166498047655465193093170207856094558837
65073196846147235675093245570621488325541779199144875425155621539562708613775
89431982335387503835168188888768668087637832997418819448748244014988104668045
114920426940352028660010860230120777666527107586168285086601029775362982204979
35719659441236038591476240737623408003236367981809371126346178879677825403388
13573370625631068899728292370823158081304931749765354517747829699589944204649
91491414229811018417691395053721731448327137461739733419560288065667958826181
43127103581691908713479529469056784655680863493687953424875707265440574216710
60808822045608927877517024087801968520097728637121489959018115413926436584294
65806947678986378291530740800700483964186717511016592212599093884667208634067
80473087918319372494643949470901234339022915315720372804696964621768811754438
74848392096448013691155010345195091520364688972986904138322474189769772197751
59791604215902621145089348908888672232663989748368875776518439928744753166797
61497998677243497495637787747563149799015662918075967229604023755646809839893
56176071941880305809566869792935135426135981654331349343290085988814409181072
47083274814068403080531971040239473982788088495983407571100343542002476943555
32820612551287291738085060041638702365749927954833947181987961281410519007097
58768365104487523262113939410212688006653024533598484399597138216780891354172
25957428829977933867997925415960146600027609791653370457422175915518557506300
4425198623542526180154578160273553012662068756441909067462876212847798782772
105936752845412793622054833024619292778759336804865042974946930413952265253321
100565358097517888946557019813619077371463675327100049918758257607203792564056
1811215005701811562548621805776127876604596381329535980253758879919492332597
106737556568665584483112262903425409668340980585053890652919827200953972240822
41272986582666467513875312663473259721037902586644168822737118002608680117958
46924526680352790867283083248131247828288294547285685580661743564035022494391
15640660340460821385847198567099702420021988828200316208834125088103561680780
44610891776216315613180421602817929250324660995366613396925213200824557308771
77555460724024552980755466837650756504954970875607311171817710408010158394434
22392451941400587946123360347421085079940823009083469566278530598777014007019
71821834540501470826183387612884517185829424357614886327881810928850322531289
33444738953166785058643300668184174786273244774938444157741867018724723020049
13135542236387910542685399079022341044147124783991393292266713053084682025638
6181934714201961376249488293112691613279414829724555494178093122593168131177
8907860144658390888092028495081014051831020178888884259791419337783087593080
50488734717811191876612187616108092262017338768116609210037283300743862796371
56470312014426644604944436197539215769766119622071693984899071135760812564455
79068560725078676954723474517333459877405208953834419522088719947803995605823
48384311367580412932173667889439154801560743015800113427116701379399871449708
13046412833800528488118059110131662534662826642085050297885108334275344696459
4941369615936565354540657860010628629286497361440042254400561139605459458672
33802912811260696463445039068466515779368804864025808132685355257131122842692
106565243382162659619382559894850163106953787516612262285441499208519786830356
54286271869597024430326842991496470502859255241062917494917305633641633059661
106179670344945271549148339156462346632736652996157562280198810593703514556804
61313079651855556636314907035599428644868572776662250749905090447135013091644
77687889770705688218696658895376641482277476739806073252618071352632732941261
94592946658348576981580469395665113773274660118100175427397002506217217143650
79014054664761600116482787770670591083843086445653208290597619562025890970531
8952301709067346171932331300451076629106037161909182980565857294038639853999
35654221833423837269990427143084612480614929720516795768014357290972419489895
44465138185615564670769383097355314418795159530233807670878634066040673504070
98811896178028675696536579390360450315851587708926845483373886467984284403497
74449998767264880361560683089696394446906927039579816191601447685026544627463
33812873331801894140583404286842439935056711240493787671329057984688046891516
109526468816507996687336629496566558003724788292012171951484378212300815482455
73288995985552175393506398832668563689281762054091367635197582989787833364666
25671040474838031576172410924337136528297656262622986428025423705494830887562
99120044082201843216078562064189941556100666924983084948851379672053244136666
53754928495806717154261502258618507812162267646882160368105121576631914822113
43529002360761490290350344258771179846318124568493885568642352133076723416136
77446589350451965058076401997480431476222291583923308406906210190823040376142
41684566489704814913288075250515056691209768304972117792223970422517270916934
40850242811284928612866810599027693695551894560972737813476707952123630596637
26845775056464491825891968003289130360208995278775257684218936276520730665674
38789533602837463658807007697036459164546345343726008838025085025033310584523
10875172959608255113341703730883417451966823716959134969017512473150085361946
82303981490988267092779422622252328334014090201884345672622991627064826991359
36637946152889216759270195084118420499302209220391726264621126216717487229011
108195294656813467073976170870479628674545685995668172961495510582837357733978
61978340982428483213626338793654964354541476693511027787858232220713863061400
20862872504302653126799192744932963080010869358836789160637957502505354672967
41911127263786936037063432017219381805765626708828502425948381167473158019936
38569201622697021230348425695698697129737888815233271176172398628197266897571
15168094334110590987693086831779937762654292606358132805156024893125997952238
10942857306043547418047511633275428440544452129024658620653053617831860930309
56563813180028982212899169989287438878887213120696682862940800368581156392286
80392713461593568107738598691094157206633072506856492690715522939168000364984
77950312613748107109475737367157157594207725919896737969032243151257086172290
42871526434412515942731345664689010693445720513986613409510578799541197291044
20835420672738210146858123304831207511364434522389681407693294640584553184494
104321346425666266555195058531578193786920572661263097675133107457593237101912
54325230545487735404094799155354845030219515789912936773456032344704555921027
104132058304388712707367289814642623195909936051893795580541805380639992799958
85903070263524720311774667837455669732745196226681253128723247842324830427854
2377718908267816603285044550045917379075006728559689400952681656181509259438
94365729693043118684174715017993067676223505849313480138765888095997609585563
52434133660605212418503217914452263628466451784162117602158536856496761546871
92793178540252222154885787647379264735916575548525564421983639726521164075235
61659903002734933618722019606257008398061145946070282058413499500281466918043
106791851900609693486067186240487757002322764197522957464227744162153977487095
66174044734456174997016992781588314248486805259766495578319468997220767190215
68178136733925487090597572889434239526047939506126107940992964748241404231637
2898338233395386409992539692677456122545862199344072890936444660092639910810
62145928656707867664217331714032109051406085431246763137440976232540841644668
51698016585802957182581170744569583614307353088706170296431091858009563488960
45504314571832393122819400002356195355020688520326597267291480380033354155995
85652152272979622862831495624785719153382022939500517136651941806371534434475
80156638405551488486022722351610777172862750619652502211636995788172294419030
99970857420241093280321274920579048619575807076248810445547832369309112611079
103019378866391300708250667862782285688736299462871213736098442995436215835492
50637675453476493310536883590303942666337164491945111930471765220550816329701
30318404044168172986590662972725872495250992703110624475049606841900693754034
86773159197538048062205858769143140010973891189426881408121829063515245709587
89104999547799432297783027674116841349897330690992174666888205178919301106951
45819744332382588778381106644171952357336236572002593381554348254493640593761
80639219914526758948791652300984561310908460367793256005960007370699224812511
25475481633575486402870048634685228381570720068851904847078107262268424579991
11270941682510712947874911883985328327527970354692806925152185232839745223179
10041409487437578270572255654427023686000583170678019020492924078255468654209
8522996352584437241941380495561805222191780643940576954996783085096929433154
61143173315113137962925116893488680239641158812215213484751259702520671851175
95527269960540999777721844965778949486421994842319774840698241522918210661231
21026714370464928166128744447891085221116604027457140231359320918912987610633
67031636089584554338717330873068110301113396907050425174728475551052398387745
115746589219278691560245373432572153919719516651501602149074676074667702507168
84147047936559746572334262078513650419354725217231186321971681550243749982819
56963367684491478349846155200003857481741919129580081880972184303797551948662
102545790143340567788576114309002522752787586562896847924818982484699669648391
6029397106287050363528817945065525838925312287131310776642781682187642791005
57199067251966172481935489014091682794012372551623144022746603835134542181811
71004708022600459637426703389453733134473804981373417399018527968806222554939
78376107980245148189932224111700322365075013689956974394132365173747749341897
6124242741242008765181681991425694515733518168688755357600727676790713299666
68433542716286311259266472516380483557888330214984733082903772258459893098357
71613901590597846281650568477971003328507285266381141414456431479319458194575
98413550890562998035922588715123126168456862633670376439517452347901433919689
17528690055685809379428839397762456109122491894819929936751013065555649372481
62454788078253534859670814193091785225457598035950908861957723612936848577394
8455105629475833693453404050624106921422100849249995530122878340916660605594
