18217820068294605647819981000122927856570260758481659832875449748547329701326
63693657848568707764281895402593082388044255657606216919365509969431364679036
32893193735967373378751764471076408793226483456933608604464995612395179833638
102655329100217220437077769181112786821292083589892071007242616221434450887013
94003107096715693846848375240970083636146146031986565772709301102612260120616
109112431826640521561556463804141642445160040268794310479261162582604742410641
94765342727922687607462983825067438433748660377278533893356700829491847178937
48391866392361553912973259193440901108953984851749212084110944244113689317062
28500683008587583297421916584844314850278462445156728951705443478416071375390
52122479358477009863093429757243314946655130936807998104075320805613964834403
101327215898387688898883196345046961723386040125307430483050959845546577862945
83604789638425049446012844675043328319363545035097922650089689010475229441667
33576513643029016741122525815243608175802252407506458096127895749905083342414
32426535373034780232490449339918238568059570975124373939624074904999061939483
14811003306739802547424632525378076568293020550298934437446383991282185530752
93887158891646178541919011503415432945469819259106373229615772331239822088257
79862001855553741513621784684508609361581492425554851251330385840122326981832
46435986534118741755000754215269129701697073944519093234784620307644053982967
30480832772422615339783487046610954510783349108984168941218835132717704009716
29223099339857271264279726167067489385084786767679280144225522962829745984063
37927527290362769999623969155470982828436018620026768860678717921875948354396
25261676492661408869273844474114027631515633670841815960803363788969605764173
12354168595393748599638970371097371693770720431820414909602534519467989767495
106932024544133565704056932904028060951738358705650968041364355453699107214628
108161866352851525155981519097524759775642863845653121095278504702086189286088
20538205895042182558215212662708082159680685692522806962854868832761869439343
43897562262249010396259450106845087397858860644901843866360098652436343871622
14692940902423500454846872797009242096760235287141444554456694443831369073675
83707467967408108933664410278337515641152377037944408689356384177659757476546
57342956123421181543509448450201663025052089640509032482827702989156418760744
89770638589916817114000543336217384843007715119417471496136528495622660119936
69171318405393331870967108699922843482936865983358662300255592174839222593045
58445049158344441575820036555416751479396193671413630444525089524950224971660
20797448431865041759913571735307973445388445035627684027197263685190808399064
23766125254693847291694138839478356310981023615296038521663577109833958933764
41146672336096950619525182127344325895863025518756239258120814643982629066579
70955054666652356008419151357443344710684128047379161913679183427637306313146
28955724316149093427864498517801554921858995311844535580025731045941190752610
17694100477772710411386490094473629929446102808075572600063781081686369829383
38564759873131651037766082312694028931454052556803897980332480386064074502238
94631106384953689369028574684714417120300504411678946405707458680707428919990
92274647412412166584386713736181314298291083742547433706947439728576112347233
529676923809679749553534935439572376218290750845681617627908474310803217280
87102391986406404095806426209913530072408624135107678441792167511222286071883
51710391398912112557300612664185394019981961886567820925008642246645627628661
3127889070877826306521218349323407819083385524339888473974683380393101540763
42582801117118145249776282798983243289444758419042178765220584150692769004597
28572031011529995337804373124226555396405463062611201190750465565733318531574
32400198255406832592485026543104558569928598424635099033437312278342083467184
99285405308490136050690125830640934062080507624535904121510928628650123942187
75399760858150581316468364304795804834910027635594620951239161536518770203965
91319268975865657347221725879104648873567471778646037086902614905196504891520
97894816800290958541831864667123687109333790222814003124689401621609162900381
17873567351202982418406824921129724525257813627293731779383166210214828509233
72177180449940608098778199644394176618753657412667656338520458275217137636776
109845756404817466317151992132261998864883236411936223915947595370630673457115
92890234064416078057096986669836468063986220792819952686531961027474605586428
35689644214691476604949510093656754862428539161609550432681805304266825804661
40901655796995543392024112489977486624678114619562324902216403014176578837037
19681854868513694186763054254713406823138089332810698465222339156007948881970
28259943020330745258597030156759359305933118666532737110659494077986622537293
39094742967177357673727994680645637752437019009893837072987231556286062103544
80771967841836799204780617392871463917324775963745437844808326698406364519603
8628341833101911362245896656698440976528774571348367391354851730246138856641
112228662364966503384945682293453630511732222946585850626831170675203131603114
1215883405419240185722215788390092209008373907312250519738229618990725759355
78868277185455481027865801083602031034149525985329755272103967267954102919208
26353245570718256983086762559722887882972131308863967193508344956361862055325
74764976845542647801479506288955661403204860637800397050743537513066871278897
52159082259590296327328305158039612328291138740951976481311547014934516124182
88790633726103174160796480706286705851287859390421938512658905064054670645974
58778672937497559936317806088547644713841722661029729773996511339297951047516
69892373402649217294302990681430301554417921432571647027439071491769333818218
57283935288591864164605018634626146869445637923032589093616868082667218768756
76968160929499917878152211547637899051000226957144440531736256361316198816969
86338609629225084850567496119363972989412440375641928679279498631090850462389
26065035341413363628763762131548913521262417367528284851720063526857474396995
84916609579644407397381404305088926057372496782045942299847608028738145745249
32716967455308482143890835513771516318700508911630018412364315445392789804479
38145243682533299562527548037754260593408250727579044728231986806814573675501
91608916307744243572398168653606643140835682620107126728821080499326757731917
109466372253428738214109393618873976435436961542523301454719425712739500719054
51470903879254989322824617910879921755738657767729192700534653535648509264768
97783015550717597798032692107893120729667078844095644629468175220908731955892
61275047142844631622281658470162500104690416140884662613281452550031306199478
30670992583312942919969075144093514043183816001152628473562186182199060259099
88292364360696084030239808337835506445105311372815059943922866378181937932859
35615424767976853859590067813266577248265064846420487496674627006376284794486
14386151032461896644765159040090455563475666551625246700337680127822703342471
77751769827599493597555165967272319735308337007566039433811147947875533309356
57975057864434406794218021307214864100862856204142588234658169095966103097991
33738716265592299877638172794296769661551554433288865653419351591735775551519
6118170131456062687693146243804177130473203190119633266833640887736543727535
63067802735156317090993366711998724051969375261713344614563950597331863767115
36045824247046543925146819770276807145106652149298063593134357568640002297342
3691124930457362328286571080556340876698627314033755065098547955273506874186
21808527355027253630333127609212921166797176836230720499814448039397404533057
21917799190467994011549790805296812454609498907963680603348028967565653899208
97869935655996737174460738984029161886880959949061179676471726656059843751293
37624184879252319795171651793499270644852663380831909480262626873278804842788
207830659016599387758672339748834666852599828088685706158789316092862135793
113711412804603298686203828663166240018108453527839799595088966338549159229271
70623125682264714740463159205013032615846735278640471971813934349830964291165
64774584009072701952989354144802565921084034634775580036457726152766899729594
85008689173733365417099374928687166953183923689794480930946868789138719036661
44847341609305295328971888094867643244240719925163896953836229728567584016703
24480300366783419129921025737252403061670980267843260392402779116315640115944
82187972489429960000646632204516632748746565505573790478209284329196718633567
95901946079421097459914549572596067609694811666604721507065179171173135428292
7242894642135964814568530878469233770531974188128980496889583334370128563460
33594411847431785373703853545455987162277177060389772838715364354408557837644
35428926719439550668682149402867607561885515503382073562621142136980540486453
74057670022430434562075639573433358280786277329903630976973134617184744711914
7754846652330549073536893041346772221680196807908771909716002605868430777587
47244474043087498738150524176282161588846772090662300480732828081879496119225
94457308859785104254273153627075149176688508717061278493186128078884889970653
60852722617521548750948013968262512178644709182064688371684161832419209117832
53157454727109076586247697846596061272577901167263955056049757457390496856600
72606289699113368782111313553035401192939949160834161815292742713191503470345
42217485146641079413368498204999599636450780932499944900020045469865624551234
60951735215708246489706434861391816476017083991412649998169777538084689085081
82457889136111779785484670666843495972554411312825883077388818891996367789130
75001819879698600662185011007173474492916385206707380115701777694833027262514
19299351401473648228014858880184721666487760083568164726695399642024229770913
76024509742966568108345679569266636474615977954712025015289263890973743103827
85515981110684473243662135321724474117012112372981304564935323921756629737142
36646803913536237595654572514658672548709925910147575487332631535922145654349
14704042245387207589269834762867909093556431340372785414324951355830332850079
21317972214650923805661741165786851357410900943238970926987900855161491251185
98882877191226040119494312247851610913687942522735076647808390971210606307544
75622763862023963158783517113024312072294716020539825990768526860148675871657
58131332188617226346340641988293243230411643704717242428154970605001254830362
39449974065654494851502636929872627022903207518367065042851794928334476355308
38728629618277173246304960639250096871133880319727849897192637750933015887240
110056936014956128092222856324193878930460357277905699823598084022433740278332
111229121930443915598893445508533569737391275429482200865806859934973941898910
98149203768689449496693734695696248794957748842870717475574323132962292012450
98439326242244270539719081447699836058974065771749398981280034669490818076178
77038429548705668900459443479127765726934333877295502639213552068970479713306
101570847096410266113040522339979813852370176765416680015196990820510182473638
6589429325416068732676757130201439672464566619021296709120276227020282058601
40541736145762586097663353013074748901431763700627879101278873420571900485963
98240161350720264912326231076060424166367486005261323609025136783407109915342
47103456295837869786709653457856484732020067399082724525113485115157622572895
71530997333325138813172000173317755521604531718217490957491727427153760379001
78701295357770730646252009682792584590361166022901572594917403853775054808123
114267174636337479544315685455568117272962483275092971193850545121610647340548
70642915433683848652016109237879753157001139928234065385391705958698599443502
10252630216949445756625262620614967612441127550676488274055203521277256315526
9527638575257909484216976369249426211411178712090312699621956416328008468338
49040204528895814670071770377421321384944966283567626104416927836319434647838
98887156131437227391344426491117277189181065310960529442213303069258682351077
52146087666421226704360366805380668626608558561198929760804318916941166828983
77012332891198178351658905913570429072942704695978405740317926273535536521878
5449458597382236559895717602791947043617767098530844823657323093604562446851
60378332813432132811824894324093495767284920919018432695844382266667019581502
86931000615490068275444550186017481914732813989769685964455480206953914501587
111277570400973039001853347004406088091334307191003367704896283564925260827165
62655187614184584516377183597731762476074660645602668241934982131935081439521
71793676905731573996942199368784346580873134157547479254787595692842958347073
37360156912951101649436692858418252836380852399053042386626910403695679813598
74483428685222691145793288057937868674490491435896049193455869573915211342723
738733734654228523212845635211429559469598720618833835646059018804631840985
83482988808857422760861959826655797265085866508978265566036443378440317216836
89089969291678803130269759423924240528918901472964002032985221412496474111825
82864936814890312186652443059467644184504449393020378560526153455016966544555
6378216015453991099926633811308144362574951990322116324580292583416439117000
88218127511471242906363485537547623439112568268539879695144771721937919371960
80604122190548437892408035755911255359149778352334506494463899920240600742757
6549666347161023923812149555825592032074350892348282363069537176167871731865
59514553854878622662346071444981380390841858049090694686486947726216739380190
103295830570632287518866493941777162175326466733532969018968554455258915545969
48463649535819738220548031191208247345687051687885225603286899972602277891135
15968413012176493526511960062889668455044136739343011990969490839363970553975
47467468342918380991830402427214934977887878949412761928869767169299557851608
78405090299211040206286997613561883212262446930142590432161765888193866556340
4149229911294428501767272103383449820421297240984654717921129606965450911213
110936085417252748062518103972196995114226507355572502629111571725571346737582
94470460864524269404494603566571150350429277853883324658274918668960183494832
33550766847126597667045106063397577624566326802817089926452357996043674279690
15696770690179025139879292949517535626738307918488426514874036060792550284176
73490651820844090224217623495318691855798624095537366738314613512706610984475
21113214453807368792410623670252427094649805461417756772241482967730543912773
37605637725950112880571609716816999228032389418769463324450731043355165272187
30394205303871136517669801377719790452381549106583247950693785680336695360905
59511828910833782309725009889147779165872178980270519242360872236912938258461
34674316537912106444195088635911900322248384288172268584866515575458527503901
82674587222951208975888917991294228017550268005908801040382179688964841705666
16088618502697588459584640585896987927561271202848626354749210249288021404853
4741393269381813704067172940619377526552002659645680605572901253897415232477
84519892599417284288566196940520185073369131768344361824565096153164337325215
22935400672920662166023231266418657380979076290197394718290342954499126265524
20056280309035012721859682452730186331157655852857310672467412100469028107606
4030783480553401009883812098944630584421633734051733901648810978590934215402
61176467856789006178547223243299934294663165498371684544608029676908812074624
5573870961876382885742866864265828016601736462691165430564576229626095174287
92935576824811147645525045534001701105021242796358210321553615655511153561634
3552841137728910449433620509438328413065514385930041108595194539987173986268
60844362960756906623003393617012991279258499623657834178713117835329591868387
108260851438145983326644293820790161566541778900352220789564546083448916727625
36485915956573115714564717330233720760215103274179361372305669862868919865149
58274872603664579905647643619995495295771307124300732407247375365993758226957
100795620110119527651992655721376990567306915015850344079561666617473689827485
23181761815513634240031886290662494137415743576765763817831814906639114531006
53069303233566489271652049720672867066645854800885667963993540971006820137228
93736985212407915192440206696626292866698333737983638848069974691680572231012
23226571811119631869588044916089076544407165524039563918522170458861747874331
79031126519608063350716110529804727306076405661799813053739313722956945211443
34349734087314653163034937019348188363942890932801055047975089728922226769682
99417144131203408258327897268841095985724456651572213937025264232734042386919
62575767492902379077638232579666864958021733159955693822672871600561844524427
83904635223325211921261296568136178645603488814397286915855853041801006475483
85846658855386588146849673837713505728547901930690814753789218457189350191382
83601889851885778747771995162767184723268743985673975789798780672697287075119
32960584841392854009266425159833740381732049064523113819554325326722044520273
17382141067179762911759561497339337945146495420724106849901467571872886997052
62032695560379207689231935144215221219789326034119300945171363950521317003050
106460809087039094707331051276296781119315288432974451450341432868911870829778
102174856893692284338302819367995577842604374501525772247779186224883654825286
26106177462300987974196763645306189744251176685116584258337637344494146434804
89174260081194313038337179099257629449021358757244567896483196032436321202819
85082493964708069304143005704135531888916263840080534360089907837633098629599
69294506353696247354381961408588268373932669957779761796229190221477302963205
73073855750349264719596885149271467404212254868041056263582685468699027911563
44174270789672584803702412174137627075770726072358449064820676746197448283231
34521716173891018212698355999181659529032098835889556752908927956933077024895
85529486371170209000961134352960056261939321116410943498645158316701869783218
83131080011884041780371872543705328865837572844797553714530148194176412510332
105470794126706237774399357559206688442902687147697090939723912168833242248727
110901407061558431145998543068339663923810386405539112410098364856698136966883
85980436915015698638920437640857083498982474516643163885825904529620509183017
115708227865976139231619065616855559468238841483522294883745897585350776510019
57115278326547480596152962748526859240602919118295255448075937329150713284735
71018239770799053696293250919690382433939009512580287165941551588320129156975
78259471144803841612490457867244382627251542072589319453121579713321557984982
109512635975883281042996561789262744307346823374925260757068760525012475369561
3630426833860468138148088988873081938186833784330168722546448728381473145983
19716465371562032346140431907689504020571823555116028942149312676467594013428
43900443736953932015255244257003521034835198656277993738010187176801982566682
66206966043139700246753386587705472411158933737946557497111865272847568657862
32865679754166642168008188716990822286153007781435104446396062322782326778573
3735261354865588966966312573323727739991040697690129287073368493087407385734
63977077616988981589821821531225640006166495464431140856685918095824007758008
93034848314082053094958635693283576178269768121779411036521009182082393319586
67598447334430404309465710417826880100030872895651570307683210441646486178450
91698531753389268891929502090750049039377264026727867515231136948192749831274
8745410804608711290764300492179797412594496909407980086182746496325663129333
12149085575467836081351805746068394639662572888506983092632123798781151018938
41180011782316763856453144767840870776345117632970187399894915942055534742407
44918443991005862226519841392974222876950383957398704214353943466986878484762
77966259171759032783783393856657058478546547671006584851051207019299049180676
111124078693885734221514386152664296671111996269038436407971982057708729662807
14019336790966547229153417642753956828862442951408558580372356275346384484718
41716567697059456210146953417918528113762970561557769020258412357333074078097
60364889641175911399106908963230636822059029572311535592231521601801237873462
88920667934557031479823035524083331963786378039870406531993924491497598884786
89653733458789698015367665832514415153060117295142983795130788032178411121836
37130734332545558051253161466355069135113195728480783027745810071347094150156
85032308871188554629208665176033026988451950494279635117589343821193071577392
36700787195911975983119045600443134770555239184942837174724777849843471601925
38589106128973916254460587829741908231020529059767092714603198672052339932730
107221684190479393209200572854499165325289016497579561218240874002374266312984
13585830066167937938624830482468659484891399282732609208708168729821747473121
4511514625010691426675622307369065929328437873207428956223553467386948604541
69739288931232802571579256766932760057378798988092862892920130959905251696114
19610460673941208084250016427609535281190371910215919657526961558455694150828
88626496915882062135200281431103332616726170658017077603006020117397836779047
111312125024446556149605936928178493281116230178294814648757993023109512984344
13759237520507137393456353022279079224157266714891996964291666183006883092614
51306707044794419022750070884799086352226865020968487004015328139661462571737
11127980835359445484095086625009258508570554916312522435195002036859401077700
111777323416455412586412090375030264123376175504376716255687865543485408030788
13975662347488532204539513066404151783623290782430981896019582839194093490038
80778049479314641176605009131524470055479517532098631932657193481704591362696
979364169687537808269937482490473247084714834882089850082312158980807427089
45954190088397923072057221163418511609893531903406441235847208442296951563789
109267152366535495983564854774713901052103034034556046605567156595716979441860
24113901402222398240126291604495489105156947795211587834017207509450766153857
54627625491712562844331758924646190646534987684868322140381612385470919311595
14859493480626782954995576767081062248636329128225668978748550787567576509496
37697651895367829829183415525240658480297006622642546510640112511946828375597
100226226915030494589638263295932848818012102630902024532553935953911799035595
15358461680000643793471968297201562187535980421133271368885416973738002544668
18106673018459732996489798356933220939675873299885328096487140873950417041214
57179880901449713551090355444312679989524342454096228011666844344440531801161
65978382001386221088868869110441652866472282574586412287723007660253061309742
69839195858712539056539412706956104482008312315576044917528035087354043008268
85581943541876329455878390035131073269236489818268812684586657562406466103296
21562215393137573939295449642170259023530798766232079131634955239358598572458
54330539360256757237568217254832723063993954412720375151225956797755350728653
109541014843219813824358443083414601676651043938318062520520239701337806114456
33423358313499823451033089496530727541795788374802939468449312236400124638990
94574485152301668481878748447838510065624990839561142538193313858577022690630
11816694321079495184433195278824829164596055387752164651720047125906390562348
107440188243931046651719765973732300528591914596352952229677850733669741588279
60351459564936593441889014632175660406699746481230194384067698355852770019864
66624225049212009046022195204622462536145071194322331559173552697853102504749
44768193007778698431845881802751960875417333528374655166231187312978522840471
56229372262375363602332668387774687464966476879371280196831597632924920115166
30112393527130873382877763353576814883965908895928043460620740658501206541790
62278316043702127620762489727890970251561002019867186398833485806834071661999
12793607235892193453930019409257626762921768994373607836519438280033535366822
53437067719680534603063397435240128496820599826648432584304092162633700443598
31300961871458003154525046466972583445621409652828623901004635139037584847849
61951449051721434755775407300337821303550158079405380797196936661051774090266
83586427786758375226467927997331964224082601402829050789629591979670470483256
2922276568380982392107077983195051351230582979614977790084847263362508726212
16514849557748644842530296697421112675035620841787304681415494618582928614522
33406563228607109046852988986759702193282836926371172192899838386432546907832
14448005069396257280394350142206371535431967224276724307095525313214899781550
45012082207661181731742447238364696800363257117641563400251064656356734414036
99395094195806623262329888544833767057095737188967560485099164900509481790722
108208818483417242290062651124762398953477191717233300074044614621567786317716
45001813450668017746227861863840178741336129718192947243459276332955584771538
70651019578680219111264174230115386958930943362020888916577775130575563090302
34514445306725824193394462530483488372277186249478847367902364422302222311181
65802561648007066450341406643503165361131648589773625235510064469866474811704
71142165095162313278299127274258690479395260593141270394572957612032046390107
9875810996386842102316822717991419852673817470453483774845693157894856247699
104748425867945425771982759716521462856147290513730605245114299405588446668573
73463991892599593309648262855339025022523379755352178403836047768492672715521
2331844505548065508872534916225163863389289307489493593211327430041881914087
48946013050049920552323719603370958977019461519907383308389626210227615182141
65689332850762662719251703438432065410633516570223949647324888296685598085928
51571316228142317828497515172159029787424344422701481412294562183051957975493
86834548151538084974446278613537748507597246130548119562728251444081328413903
50685457193812871140261133409105958061770898865209336154513631623484763853299
57864586713605358292383614835679488089437585991051284520407818601978146870678
107792486750101202684263725422495890664029449896564500267259822330674622648820
7550220877938135997154856996791022671475900784141335664527599506876853174664
87855228573377365266191638389801534379594674313848777454650436589931165850590
103439637246563248888992696411825510631082694874724054605199937176842854696937
34383246194179728903890442456615302558497552290443885021382152203496155092836
25832603577352889733683905528750958912106075290861150731750442941980459410211
19785406790181834406043682517277968749733556877092326136809619331533490918245
93307492878721824417030731258035183374016877330682720652319467045262142798304
46639980140402702307059438138195775996631461701896158312508483805441266461196
100670269282947689768815571003631449947333682253593335168860036065632310307489
44954134628039203922887497441016063097424918966489454047173679000130677033555
32637682479947806199327659026398282617402746430225781430559474617115368179012
73738109378621781850828033366725305736947756386785013719770454726669346743501
9469552703620403842053296824674237059064392210116886606758287938341485297179
66141823069084030584352207897524710443056854088307726205157500437922533943494
58807167597671468996103197893539469250619997156273699732646479729436399764378
24716652508606065177002756971934964496049566879202254082052588981114945596830
38825465421903944758081518096851936744734793649360310434045360434771874133777
37679995918002375047787175378062815535212622928695219674250309590897457732572
71936480741282045075959393384581962125468828021332232475331196445477810915425
29286692794405326749895922310690170388763686211598658989545642077120781752745
68646612128024415116236069875474335530417464878109506982371357503231714898989
66672087469032105823606035555448609825776866170949275153767421570246511403966
115745307404835815914679006330382116340634090278009882781751650287228918267675
107436593295095990462038903199580319776149606456079481944157560743251129235780
62914163708691907146432580971514633146837091428302204299328291376548319115647
73167563806198693765741966443664626725279352295108923017042869444771968758439
14019169610709005004540235058075133895204872091481683612959642384012764261477
104706351188054919569679633640063460506660901652620790013418403357587403127667
105586186471580949921292996273030526713526763875535954609044923814110561968919
5715452681983430415688039787890718742105158563820238400596591417323195743284
30410077540137106422939175298211022407722600150744792412246019200000915759843
57902292453630409818562077515930871857933747390416288859832764913595514978851
97058772657572710711435371276882124995833824450313189805643390791761940175450
40079836760928283087733732780287314065155429510963620571883322655228303974698
56429113407103686297956948445331525638710338853756042283041576044493936450827
42786461439148887367195581623044386139181822854691856141653643464905190909455
46856781326283570384821641617390643246333067041071228233477262706739697404342
22895377325300848149799315261017842907191299463486614326587275599192128611366
85843517063994285470883836355269708594133509747262480952049841501244654213033
12045902815139571709169917607186708113165062845455462983361217464599132957011
91770126319709979646362254330477696460385708166267528020578142670959010513575
50876275447196539292557498647536759363959243861512180571776250083714236018735
79430141651610585375467043455459209186996709840004520394190062685767338251900
100154587171693983717917888651024548390883725456918006316235119751655805196585
98858909848139833230601463907471858417532003246434414090490131150708079419323
3761821773937220942255445491781507149789293023801100648662143214822142245840
89151176952647391887232989250498879570691167562082835372741387606807879919704
20103971053676334019554543644423699130435169844037354654890476904332378201406
11908042445790836860271878217002134057391675206925366617750821089381091788436
12064436667328286380748471991126824688364993770319880320227333585027908114805
104208688888219720944359686506227572173069859731469118119347502459083868919397
92056367114443176591427095293682759240066116667812295145358758661707340229083
108011639172926430124866166396146084157386453866177665547786764785242366775810
54635507782957904171600289409068850356120340868607361733197378733462536447682
20114610148261255418477107570232010449956347796253512871038543510280306186567
97262455565895873438845924320367456966098762151727091588834689841059521252752
113310097436176434020946380158397724930206595319539030067874049207307043805727
13171598356188587495335103084739520620127931762104742888172266205650267145181
105440146094275412035227614786072497797544411283610723414524489331548102236868
64297203081942156017317172050950916364884642810857062292298521885396344969325
22920895556093238246231720475072985895805886694375627482600343793349606204170
15958279801349584554090141709428735228125147367116636832871795909198727626207
90774770175715203029959429220408134320663094939439615774222042966834117119955
95573297253567877814431117651894388240988838305809403027889710453135680855366
72584047895673125623268442499051870124091211350984080948344976297643313658537
75470692088986692957540053055504845779796074964758809993362620401824688801077
110993599698473890516712424644483797481138756261103077655463424567685238478915
86847203155137719202786710616956953822669740469594392429549828375960593908034
44967942623547737079804799578673016001165327843864872784895091416720839871444
36058959923462508824263948593936411654577297891137746728573583499965733812271
54055138737146547428782297917264541892996892926348800933820436524504985567633
