56875897035578041571184829805604569848853071670375106937420389929247302969818
14560186096879089266169941723708794493700135168873680093491527812354407981117
32792900579344119745980845043334853222633162667760096578087218928628666140234
24447451819151379170647911364750044079421843920663771648914060710691366479311
86306824237356930581985180376086575057001287144264007721828599167886188763051
37845784244153265222154907534475140058791975308305485193603027482355944302874
92430841148812725936229306322574753963150540414439714435266741596398197344285
79581837023926070793004761374086289944633662700382198257786206471894025695578
55744481393567296451689028426137187435784125593632740857432038242726344061017
100864278326584820608740594693170170835981677971876569494352339263608162132815
86692787965089328293973022610553567981969150446627701895085983097669633076511
38655754524230323987972981592104955316688022251306230350456136505666573869201
71212041901545709910719731058717431786101323948161418481044328525506255228673
111581468556867934419320308172811433769819324357829955449956666475519680318917
32049697860669258860436190445304991129722234708950537137456988318528174818293
16797065725581525433052383796017730975850715924782455189888586796037942713940
32427950888758827201545518469767809136899126520465628084660414149578141098566
30078564343663919642693477213315581202143536338275810786181596533250692215318
47380159635122784914214486848685051213663978964564542297953930451948962479450
68549041481185941238890792433172418270880981631196863565633763580892444915171
48705665359017825692034816386837711583736029187042257320293782767583764249280
27809650721647041894717197598843117558087050381310048258411138538903068871978
35540906687719442135551212861758282380213714879194184150413749066804801245326
32560901146058384417515634407687363884017609674129192192854390533750757142693
3486666402056649287209100233493415544807324220751292276458961727483459093997
21560109857397377929194063459673950607912952288233604804327232169858905141314
17315159462953889002536321888044267322384968792056297312877421058805322706037
80052391552924215184951382923780513870967923518663962178097045189147340155012
61245207995055343470280574607862263900528458919048571165227572777333445129708
102769422620052451826970620845974878464040440862413162113032764062058936789545
6764945897155303904475732919541250812476481089909713554229647520314531192003
18417279274687771560171696277295936070739647066824953196621787679192395298785
21591258898698102645487036742430090205931786892315140510503716514202565858973
73807583062653253887325854514869505996036412813253424098130614721277837179084
70214221439346934284565815647479804066433963839567544094945167926760129633844
115410636649199010492511285973383358353996791664234965006079794858112060376489
96429466100351892107969245352834341453491528064088192186140579211682394818610
93413678191581079786001477235133733466165858554508424083539209159823358209843
85855564438385392867392884648008566677113957267905024875008795045366262631985
21425967380758311978596973396293009684005331017168068077280074622589928381492
83605425278253845573111390980745807461413340081951523737322823970359084275582
57980837578031407246178041622622312698586108536808344757666593656689519256380
105704699688161947715659283899496857454213956911831189601748441317504139960905
18880862901586240379926854868727161961168716329780296788883176159571047847599
57651288704082328739055741555689982154159753030739006317708671614616946330959
88967808669363555425649732011103113248156648233603959702207043507883451805706
23213524372272323885968842868688277879270578559403689669272698795598147508343
51544406869710644422282754626600346856603477383155900898682839446356799307743
67451591138290934391971937981163120965690691073201831251328402280681500799960
113329871834817637721332244082590100377217046719206011822671732378100573086370
109956002711756037312862478295942382577768952267348767693937007128760925345245
95108172054156516600357513469633680845424072783467106602017118279585911893410
36038047647896451189730941329796371747025370751211035306320603470383401661358
64402200297087767113552651088381417627094612689151663832732684523720976014652
92485915002175722516750687365601146316235564088608993625725920263245723077734
115762104921375650314511400010621106397209615189381175983363797379094332249451
26202837920539185352040503152985353954465613957881365644176300028302349006784
4580077340282736253343055502159215488694789497340243693049023669180989802974
43397162993269244953284693716866459799401777897333749405938372680944874324641
47384321887020773710763531434116887887275762259600970287693329458694598983944
44226705408002792263433938800651102121601074840127382411087365694505556257794
72010926309237236378253700251639115660910728248495314710159623640237064037068
82234258581219081341336498861242854954939878454284913170926547773246517034337
100264140060367164382682916219319336188323110111139657893328335780921163468175
57589585156441696433488053533210939382579949532470506964410140568846426392979
14620889491062864902140218791936644942758643173886731191759886330450478861753
41210076386440808354044915833398008998537200011993256541179956013263623203013
4032149106576693501316291127289520826271697000284714600568856388768257239628
11922748338749851558857635309166497827946556400017452084740658161557039062162
24585323446317637543801640984606606976912088646117489346996525718989711941331
84719061517781849762343275005732243414867818829183897407159670047741246344423
11222097082264598676483806141488488784507092761487694776030837782141195352598
9235785445659118458529934219035540106120344043423543721007786220552384806390
62583539012708461061009313462422010900257426541908563733178942680888719761349
2395437198551182553828348959391270257406134395586826110589986915791210016328
5720141924476326588736669302063043869503510886767296353672621695988492638980
41528187530129118553654461060417166713433731658909603505169899868134700462868
103301495250895682924836528449419727647295072038921120966738313312678559516396
52827276422654415346583080465355816460267955355824357116460155314834266483161
110521635731922296069058621169104767708878524373279759044803908266483243071011
8428554352188818157622294304202609226698758134573582944370954784376393294431
111294123658963507211097509315761955337660351276517713713139785495429132641641
49105166808809976233481089680395459725985428065368302653001041956338465965072
58175382777324713019085876875075128319426552033848095008418480058963908982927
106174379748637080640711148065485361926564474247574121636001204328817402289195
65641433761072097511175910520871236878899367401280145583802583910881416958624
54730439378799993339764859180673370556542711028439861124537756143568683541866
88705171787978828886591883616553526749360972930067776777325170579287302202321
52738144909137824579386674579597398434809175029467746778782661297194238592358
36997136634152379130975519265920587821912024024604922000991227417077078146357
20827668021888125113025965827089866833931619559098866831013600326133791351221
75639536380398569852937712390204408133896048150874249966627394382277399223167
51123141647783185602362117759591372901564748840049054032903745563224991571468
48548975674705900903878620626194169743442009469777032434690135030717450213747
256915656096162797155335110182370632863951453211712778941662825120117173250
74804117045030727019856606811656316957322233272887192770350806799694893140784
58356653263060336099767903547580378193763651454276585232443162941000029316057
48650979340379751338353306714978657344225468446888307567896308160573020376335
58832893169344645401991582175975485767729427492672903538249483167203620085341
102549799632722009968336111679244498080346326224505804039582117045249256768214
69733731125729104112582892374069427022733625102387234209620174172205650107724
4598066278534090813070410384451194838948855036343840096029061045005224737589
61612853312345056627074679340474237485766523043873475715483028476262417301954
46656393288350797857403516832927026297416689420953604739174488728182388171750
178407065206448739903220565601496618464542164994492797788370664627727160595
45328795706866112395011970796057645392418690200374076078941249411212717854571
50927580584277841757502013605940700579988130880591171220101584246185223620694
1472035586299585462807592192200001172527750405427912425021648229677407405326
41597945785774085584536566305240509776042065167776911573154027537090264341481
18528046206147245959210333739314359992431147443020421584150868043363652252010
6623857855053616917448639519991707509307543331477482681003795634668045971469
94255553625850671730587602418278062839054933884639619471433067495952192821694
107667205257570124589321356237750475981967692179469080710950012921365125023676
53452226138956526117995423413436873649499536473279835283649078560514528050743
7366306472232527075116500048609312486612264998520600778229016468639726939770
83972989446325832237632094496905839623267036631105211509921788938588047930009
82493013870237001942823928721229162559912503490161932102828719629548146673183
71750965568976663681214252866646225022686627367867202766392585971721556893931
10894307647410204612369286907310296594968335002920994344639760736233884934482
59575061924907178653664916998836559348439369582542121917549028679211318144061
72599987288867867095744335503418875206577959457412137510858150332474608817263
25602195787988501447034548345830481633496022653570739845769432155429854453903
32911958365810321029133187567338842838346941112772005017594541608189181639880
108503068048479158815697130446548406584863131952457445482168786050108172481291
41972162159717174522613861788099550163088793571953317089170870867709583661254
73027623390048107798974760074388890419296308501648191055853486260199986664143
54922610466672112262304733125699676482213526244633028969042009699979757438611
64151405300071302180735260282536346723330975896776469978103935285549204516982
2736006787240070297394697824044455386959310940772325479434925251683079258082
15560708870661920472374371197845155088728972121991432742073741229627187135407
47516285834065796864444561262788555074196045315324150628498919988382836637248
69774170152764750886568959403314645258673224904444599158378660219555950922727
111248346132864516914435792627484367941980398745378635930341412630385899528153
29619094924101112534582891552767998310707039814592890224157924357846840601905
30652337963040301532365828627728840657000146903969655381588533819182380641361
43310328862208578768314658915180592087373394036275805273168829628407279483709
103592185543613092368811427902483278974517395270691683671355561691078373142928
52923315722202496156775741656858835990120598745525543696332368287109628289465
90809636983527009505015522228923159382900068853027565261825993861388988729523
1706490597452195697602907488015554663147494379408728871710058106098048461876
112940052724517474119532547629125858162429640260315529488257868915821733985156
48460115166527793690176864049668630021533479130322790525618397619248489878290
12474640094264138163249407593604463351153544261794729895028553619817201188989
48241780404635608498716574096028584584429595983781544753287639457157639565085
52448855467736604410794812255339664256184640020135931494764933946219394312404
26610331086228362373254589575428461263918463241842466873451434761192359357857
101401538899214369726588095452919191341127642743026533163062843460409655907622
17329031346052695424436901374014496815060515297721555595895835331251087354131
27462021866142255961172514355280852342133598678540039498951031971993995753615
69776099748898945473420501955522210146556524018109202301282214556969725362679
5333736758353091329461035687430924886765241232287532831010202227668957014405
110459692942932358600683188152513217801522551996393992327666364520917479522995
54433278710898019072833883717788645983462894773783470451577195223412384604658
59520059816291286952450671490132378599674563965592563314426565477379503194629
53764718079858874088223112706152207450974089257197477599988048853039894319622
3822753141353609863169939479325192508810663934600895320187560989192906805540
22400235053529138304945219480679644349026805542203973323546547181772419413933
58688354325295952317023156650721131616417471600625178219890033173317397819656
78645823974984424167025212828515805357139356019814973776010530782204127689752
99416221308163230887565779426335856508146546710583223743773828377060011566222
98322764782993455827547134294452960943246970281185810874061162962232942504428
77875777417350065904824741051482992419710745225105721774627801503647180829586
25975849716019941351749517555289756637353396480472781515644213622765969510574
77515953554889036339276899665147836563913839023629121358723723883456763390617
36032581577697510841598619153250289581411034268047594277658642788188084539794
37320066879677768373515294828442356517492130704110034842343632463201240649819
83100695136032160139199525430777999241672626571228491005815151618930380251485
71303878136130296888162408296549493876806933811444798921139781017607399867634
4493553736001880498924905683286915539111187088338417134800768181289759152563
62930157015278121971221267882061238751928298891503896619495817816166153398801
92356475184887460097612082864950816910830479203986807408415264296067322881399
64694779885275750671859825577393733620644708915649881318108884015191016708219
44502135142368111564199389643566003633168658399359539614456989004507208702043
39385882375961129897615077374193243554112556161217125351116914571713887311324
42521848893703892951083607368717370363985020600640003223352350506904949173750
39599023784771902258655662699767854360417137849604996948908595568628534649032
3345838848005554955461944655413052446613525253938489163865082149617432421849
101491590491148804410401348904762085036852920729889449777984577745993874754837
62035974220735965705686685808270830553661327534204240038813306012928555131899
18025267725156902144268898988225551479322364839727049089611525173104805028607
71387847777848573269982359055278178712035160774501120843912087166376415385385
4463092484456177041779436118146799256396473076617832170077666246818741593191
5323034735068288283740412138162618793641651130602626238725428004791020450564
82851096977095331595005563947313726489287260514844349034936296727851789491839
14246013092062971701285114770130392714278420827637487859496543994185541575887
87390680396794682013459020810500283307100899928208438022163693381667006064464
36612634247568448604788966126557101941688032930570900994482421210398507692974
34119096234060399280282331667961598735709831893223695536092841400523917149618
38249039187369123223254259406461198300824753696834873336203569038435162485261
2492187052575656711110392030453204873661646366992167914968308063860972966250
80527649638652325205308060193934616804331786504971184447308606127167589339008
62653882567503090105929042841500325997583947478251448844852936327511476345547
96973734195479809829542836957529178320544384673235864881323534130837032965149
69015381490636653603783356406089011545580766111514280100051099788046903768933
48365395791284360951085162409896111374663846637565528761239829503981469809107
35596202856727110757541893381369274008080024463480163870869896314314330218136
114273018467362954525477942505673223877059160157286455645137336720180655407466
47905137813132994604830426069448804735262496676601916744259125462656411971967
14600537980666501020820698128388794843779690279673454495002330546075311354146
102853042694743233212430200760472255216886398884136916727287238013447831614471
4785119579510445248669670380941399058286641531197640848601123128585143687967
87747216442029646629138762580757884710675381090530614892567977401958142222496
46614721243882278347197551609339633910262098727706088099940447209078171246535
27447731797074692951032820215206419142200160246708838042393546659848107350737
36951365305614137106384541300668752183384754441851137171544313640985988479806
41415773035985562852785138909997976212947020511722626932318173915833180222695
75390144700210013901588487279804945887167712426560246128244802937141033285950
93052527956898361316160922036280142054242495952261120215827361012161373500374
80490081525305423632403669901211983966644162715457177203423894399329090736842
75298200028830021458020671709679414411840062056178321715494657050778421539072
103500227918755284057576246716934464911203229789356278356089530933022585947918
36207400343556359748016683575044683853581135370203649822848468692299311633247
42538672896180306221725477493663332262252662946271112689410966465490907186847
53727690333736193323780147887547026554659006750060369634985557996225993447790
20597146588306457818490918983835106679817070739944097501733386074816415871212
26643457058621307747613012357381161676886298314962057307912172599495757368034
23687953275392777969266266346828247092262118574530118922182528611577565962839
36176166194644217194182634586328879573374136878294886111773794384378976456547
5021096931957104363376744576443558523497209631119461539668490642255439663272
9682460193603306382883929450717090679668374773236288411264575305002647130647
34322348786109488071624127747455293754133403644117265930598253347281058771714
26321625579772548898523321098778322451131462418122446202120624275569613609452
7710960634227785526317273663806529083477963600567080307946653318916307883839
53483874822393806117003792571167827500824518088154842376968800672372500258932
114261428966086188576059306593924096404272525398392236584108803725399772069847
36576696872513636984362846152171579643886780731245437498535649001457260908426
36279666002379573743158599426437203444035078623788431899318093259315853890761
63319939687768840940586296524058436250322196059564984163700415602959353269620
109420489792828923688822575514054769947232350991814652243944023911749110519769
107515938376038265215783261405855718114947790905156477289900082003256828229601
92083222447508743593059391409787339646485875843858160281938884063734355258235
78691288945674349058258862091824709348343308429058681397678824414868507086843
67238635449726287196227297436893039617835148080353970903698255229734291766581
53149519591675132017437585920175956962082690653872736985997161653417586210731
61495876564954866840034622630884974512196281008672764235325820069557994893735
55270449308278501646126903070727478806173319252428612458299792015290610464679
9326847934221971165874392532467088420585747521747271598638658210830152620968
32315658589854518859032789475666477611762184087644919300119489249979275382391
6209965047129670206617646458074949230872358177584487994216329981191816420987
59599315071217877469200168443131365995756563839511940631075360903843088453743
40169862020489550759368637694499250947560175140429051740746159683013791843942
74251191656421583674622836695857905437573352377780055235148059719455762855172
60919171574880406953323713419061524593575930136414621641322406145128223219576
3100584216361984302135595923015353165333360443407737633302676898929879816801
98773677282070905903878395754603859579622131231313667397209484242148050254096
61415325566168526090479934863522238319331602244918993063878931649871269790307
16464765315323015584057425126737806971716560901781615371550088226516546659054
85017153388618519698625858743439992644940887065043445715165397435762940186009
50416739864049414413313741429071085460472867468650944245529682306961377579600
86856734333498452732405985714466712021379648852185709498169264363501255879924
51398728124204274348455642407251162763438706196607720101879994523805593102601
83822259732939741011272018524212396136068928970212568181907318377482547234810
38352154283308243779624598603997778882429581935588509440522805517697069995526
81804578826534608035921290687499880875629809121222600680039127163764738201276
20618932381314328294689070390010827676464378074428499730519786928310323736545
76654886949906718217382370801759453043905154142667259507809931238463829414025
91127506892632854863566314474725774609007304048921331703225267512486909196974
56434412626336985646068897014385526627754834936800450507268937043828510841312
19855665959830408552969942878656604322313828188506481779594078880403460611636
12788129431086789971601997622338594361232632558712414057876173509013357968316
61469975849432835679573719639025985377064397985996142927604692566478665580864
52781884068308122469200067140223093012642907626670450675393573997364914856084
38733051044968280570692520096248061216735293291727758212068168143369530345958
108194116813744422387654727071669488393668790917883450999992496091292744449668
22710317329614155363234279218233406106291236123089263975778461660542012337347
45386664812015910939936334958330162706176993883742120717321852140787736205115
4210905442779915154353725438885267157676265564480240017187282652351718914968
65396494386155982687501738236468345610550132711131960880574052047498209587804
27459958391765636079715774851321832466051423799043437231615188456097785109532
64200864202499382734545310269146101680561353659924317608021424468609107810591
56758334341592249127524943057963727093595662848465295390289861940807565488181
34646576993609297814758189509765127096843984720951180452559571394829846479406
49614077922372309598521444859624741020111063465882090527521224781357572296910
8082708526513366848848738158913666430617265216183136217405615807222922450335
29454370829019165722233081023133826659618224649371426189969663570489979509101
30756046327871479433002287569535479617269810490374366668386560153025832513731
90675513395447212663463225288001872812848996834194679990540084201344102776601
61763346863107891220151137958481860852595756857293147866942402786410011260447
35526949924379329186689642732468632554648642919568724048521442638041143595537
59099394732594945178648197921191618845488802520434052728731819166415734722084
10664381079329832349611566953679643534907914289324143393582008854257883538585
2136212955750288352667132740619955868459807662904593613095814855936104184946
45866736330733249774734811691275636946775849946878631971217672197066855302150
106458040463203469650712577670518208635684555512298227182489139994352037799259
27561891482929794411536233663644152416399572218912617783495875402362471912827
5538671498416493468095515856750717034325143981758899260597381165636851101434
21564608203832712394287919223203794042830368065562045475262232165481165057240
13792085411287629161984980236033233771847167601007233171355288528021650725436
11261945553799449970977933963642321226896629735543353592415862592326780346370
3012714278749454291009915429699694615620490407189379885522295213375562011358
27733307002807085665241222274641627163272164764699393733951384027191975155907
79742131336383601434616365544849167546295848583666224306572012317691450115901
18847465510156136461300630556547315912605782944239776931942628666245832655889
49081853209693900802134457376378590028647583877108686128977911627181606545564
34639422776083503860019510107656473914743109514993951629385500545547091878118
55676271074170221365893753617865783308512460590716498004534785659867959802355
50805267226771410126349538146170442945471939455174370288904305647525801299957
107126870865073613244938136165538321018171514593145901376717227861707971516459
49837411208765077840618836414544309748810023112215906611179048165929176725861
73316855155306212393705810812229959798895901199161089634742104914480244198570
74055977069370620556326404802864288335049517181936139398509795653070959271627
75096855870402402441702114582035449806745230290906724302379340179598879779182
85776159271295210920620064919758206398888443024108872115877242326392332438526
32664687553045311974156565626954557534589775493254911261683456461132068632248
46183974276412941021740398297680629532045328942181680310664177062737837077733
101198498704499124347309695107346857407447532460543390437455693511594135066834
112282481863566269484876502188667592490850305896514048283338784242133624590313
37637208607982325944354856292702288505076100522629051456775109145217309199032
83916031636464063327017095236180118985062074192218961962162739007885844495454
72449945236447231882141855714445261595359401643897310916902512629870023881099
90075826557620936844205429191682064151812096947742574741702013303716486451814
67703494318081651081275523572563855024428562937904423859714864277995027490709
94008121819843782742966901821473058960920755704444127643613200705420070258990
107447479456358000601871409658465641256363381863918863655446483233019361897927
23865253923008324464048726881530124697192547335137776187965713410962201412603
67689886218494384445204279017483616691608123375880540037767009723711188131111
37075584124732059209566740077688584344017852823364259610357759215112217720567
30184305925943839323604426763315230375656899699553335123086707854010335222282
14819757478868466844254178313910099721225216871482947719539752677148801221198
78113074758117732334384614701442157234421707642668193914933776925092155195519
70351883846350370626485986962448184179837154233015782439300940077752278191820
52956793351118769262987590902544458449151537813880721582500187182128298997949
13751404152030140602561433461353975132336327279177993737475611922091618605280
78860431007983799429810020625343947085969947644398759513757299707070407626833
79328127610730240199282943137498267183626527939792941202961353698784242102687
46112157415607956667237386236467472944790830002683573749001798002532337882151
102145868876186160129806495773871510638919601462078058079900837560128070319004
65372698422184208339382086078897921933279762344384019133199767790225174979946
91968980164911797535220146468143102703126256835364288584075825959582736631819
103499162364557167396090543018566100748040965368356558605180636852114766507303
58022907864935835008483847456820272735659823389144668572170405229239778335861
94260966971334545030913987617028456615110396657344919668052571940448772450631
20265054291865445439384415431183695805914221851314992997430488327132357979225
74165920576964575525141179756560386144519336129903475313188590226861837151168
3653731186122390366607992975396156263063681212320052612126457738312759369315
64463371118752129712631616193290226500366426330792599695595870783525746505640
95006917613845891196383782323108039220316888533587841940490260428077278834772
56993910020003151219886942487946884894702122095284829235204131393533426674330
80533115847001679616679948045370665788421181358109163099644224027388510738603
13736202222239006810313707098163510931213280325498835854653855350719043548780
18416045037653967917560945627652230309310330311235137702413751104055645569882
75686218653900518694210971563682074640078468306639036305809004463395783278777
10614541763210432529539109587820608046063984831275349349659688620237110365278
25735564570391453982415586312658719902933947985585863473390192392809936402871
9922515477497584974387128464650481792265735664246520395889040428348217310570
108944208347883957569581965426930640592237508048957439587096167582548907170202
57445508025866533104117966868831311011650733879929336657228403226634096265321
108732761762245048603181881091786044435651877843271874180792932012562189001788
20317195693286822824065994577629892889587898771313714361736003519586504751753
47798631318519907237010031146481353411687959026213153613175821478734115881018
80687411947146120299385907917481068409140830640687937831723578187963962013213
4753693575398251942884400962368350001387978562337549970526482785225790259677
67848494358570482435911634096748991141134647845313353449107158005618492173058
11326080410865423225756255785810883751874626670802058522678670258853087605654
31822474299605813966955816218795592670377026755194977757379502566298317574817
86919685232070344611314836982226236646912798987663565077005049966861366323031
48128709603111393385191537879334102530467356581856180267922241567502173446223
10441880838530002909887758309013351851630941773627606488168016000249089772580
42357497156669165711890020305832884182954319570979457000368181647188303633071
25150202237240359343192922462746995826435641375922782430751087555144696042909
94043605932885703518297549512215994086559870159288146352594450457366656304253
100725039490915763066967202089676860732873131215884377886811862264319428474195
76610793755275882668367321889202910565459696028499021419375707375536944645256
70610364515133850890031947244111995579552122269536140334651764376493659250370
52992451934843999096741712526502993736216541081955708909268370256840633240301
43308053114396702738248572286881877773786348786409515278076583294320433304380
33556261772300543766309175635480292757339534940575965444395036722953765929898
67599341756670729066870086678121671040395681245990736516804446774300224211551
17448352941187411606436698228360710199073134606883777412198326329419992049018
23311010283831748753271590815919775830939040806965084787175234706314388387798
26955093081344619360951433247431134169091470359486005844670342032705011649960
9791736420839088081491776085393363701471802976964059966224292521551435298948
67501695371559927563829186518985065105957832783517200226468038961591653621715
79557866602828634557703502942692056890698688748675866590669304655571526172451
60919316352609436321923147867399026776881755965997632173076889468242948586873
55254059370923304744058952044796143259465443028966784742921867684786896636482
84799748008534325574132649964782035649413383483713922111638960912943208780105
3172717721817246045961807177214903403954364165770938166406109600866787243889
73194493808297124176618505955369522661128000264544621659423742554059356987461
28612662516533782853905546533289738312813026278275125769989154077348072933120
82945217355486068191566095755824034679655862146933442411214806261110052376274
100148866500213932071469760210297806484790609809807848287460811872349546174255
2165148826241835035944217753788909389767486344646313412840797684254675996116
60778117388787611689870130269444268727051604941122422706485715451620962621208
67114260937417124844179826108970169187960859795305000863984325289572202057806
43349978224480601123875654875841896824294887943614918044754209818686537875749
93247288376664205534175895691082513331057633908544202757508646502236197190141
24261902598361223294834401260617905329068435603833296541499530570015953401859
15275328338702501292205654463524376233487753870307611708961940663215572804666
41772906816306922863460340275083392192976014266611043924169651328462484426513
82403158481870689648315608778219508619473167325920562181255913816129801880795
83850875461207323483488230694389468099281721924254215945893653015934924305723
20160864677595022589793449171894471909113618471813831106050057315883257947191
21225581911001646654709576644946750201594295830274894444725271473079906166282
37414724146336086112247218562493834624795046217635438521138328783978132376528
49278048925556930208407347282736585777476116325586439265912374502240955118078
6863320811492639643774448480030693924764656170110199017844777318686447341442
61596031915195631040450959052912384915518741245033418016175738407771603089943
102539794399744192836826219675011162821448779641749449476431526903627498223390
87178797108588957792557342470047021641218307049122722562001466479718920788328
