69600393278727802467629516406825258008579767654013353940002141645009698496053
74301518425180883067091742606727894490938431500458649404071849431349477486835
26778481271174755453933610222724939414526844134918342282202887016606819936805
39904582542237874385509147333878540955247305261974385045194954662082146475586
103965957979067410494613399689140663490049507263143026547278366508398018107654
12764598107716292488290651866546808361640674758074604062191843149497483239030
63050535082828523986732254187173232342822790889175489782132393607196538532517
90400278265333136731198003004745664019484026085275176668349866280055203903849
13394044475638020362719126273806753795248785800882823856759218970827468200586
77578493248680036351310937343246045701785904627102961267942215852546633954495
76334811878489756967622695464139957302929726751033075976969673803037004564732
44189894216867814149476825920172442412134953149796623388078288115741338863598
6551819219532383976452824964658989240621300643554704416099468794241963138132
20261605182630098355970513786485359992608362310085460067690880517458254188527
30863461538932684628139091848786886398215942676980402100999948916375934396717
60080809564083101795196647853609339116616525020567961798921901944266106260731
74263596806579168738040643220786255609454933690340887410901145985753125097425
97407341732370285544602296594995242605062785698540987288498810078407794174484
87234128639572698745593477605179304479877007319672557410349381299467761537041
37214639007191668710537657892878553055771934262110574508893998762457226838309
46197744245985579959266543828482572766424817791861098771348157489373078628663
51363232358587437519816562976374851134699856407259706863793193659210498108816
112941618039821834000160796205896644479673058249572580070921082143831377805122
31512394874794025689286671654893568499834156127125537235220180108719921694664
17184155718431048270437675128780803882519980036885108423136158333640806487814
82218370169209706702572127232422145233761934564730742867552628128391063925792
82472885165350036633685189395799430799106533513778352871136490641473460181962
8515849972432635290700037701056008616030519258194900550940608627834626743584
76429822647490467680863968512236072611493617501826968555210254615309864024807
15899532084432721483708920408219180976538811601234301647541559241519127987370
69306210917919161918795108304051105533518785904554763066531859562599668671470
26058951227800409643813745976994642029802490919326470647349622090957954545927
1376726296746078233218141207108424522592050616230570367871998379618120074912
26989496728203867705461799899443996814915765941836315097186040643241313967163
112866683623558472204177501270491827483687786844259233714764186618112249509846
113931348663547925358670131593512771619943855999377772044436144383570748229336
92742644718651911951989906600732009654781679597219180273080415930314869104986
106087001347827791735562505915488448629169848195478455434424129098743787521908
14334299663656892369958328764014750642157913225363687250332857890799270967730
26920962992561753967037324116738999885559236660210224114491884663530491578969
27496495141814611714737505408294596068938359452669597358125918265507753754168
79307886392891217574157886532065533314130248655378922786189890847729029617529
42237054574698246844526212516159470419550639974772164042332704805157685096055
92940465153457289675744965478908751737828985931962638409930560919776429534802
45646268083375201217651490923496036909826488279148433129298441055991640260881
76712497146142538394661060478099968206227662550252327633807840454996622725851
84997630071240594526018138349933561162460348195220495795385868924722509324702
89692799981677000001910248066267104067335975052569830921335721204068812044937
34594882687936490262164009975089512896014302944421327726580988660462712200903
14264956332354610575369860941711441959250117843973248900883691400741888279294
67297957825525514215131950653562487827518695262462064633422313974745394997733
36873392411582906354420525407088632860024645252414476276816912170130332893161
46810633795255198300162051441340812301484413607981798625325508330721297657762
112270405846383787859064922767859008858627616163047739797796185136036434301856
80238824003081887725578844169645836374302937675362111891507984843794134914668
98619343854265146393309165133950493406442773423596142662876926383088686739169
14071640753985998541099194198240682540057215916094572680337704388263465912896
74918648680072260282863107264360621836999620761787702871261636738827694643775
66737573912585385026171941775604800460910093498401829588320962100210924838766
19932866447824365626105451369969000579039239892050961212529509090280103651977
52135187119357211649481538857734562724680236007532045528137355266483055859849
30057205578421187531716527223763605808765426453952717946236849150692826365345
45961590109010221933219245937430233493884297118958044882986417677636796069585
3242536681913162673022362615118907971696295339571066659173713549157133726698
12130703448559183186233958346625155874279519952165485816437552399898225200447
2739075250019240743867125632946281275194141783174331264884994425175282053723
73991260426674131080394598677027620455942577908750362380583203741321402690140
65729663956301747026364324416697807237527396089523699050998517372134034444428
19511407661504633849789639247130422945893492216609143402693236614580472769925
8541456822434594584408028351406532716739259469313735095403942977291688251656
83700332897633104606803660173519865562827984055298513373546932017611585396565
2948827200640193519171097464132852786618255764085211536121781040148147411889
19526895763283907669239315986262909535611011199545743967971111516922622092708
44655736306701248798939417937096420470159377219982578087977290193833168800887
115500256925334507320696273963999827118490898336332286799062455564888957193228
42994665424419093513304473795179957344751852459521155069166270245323315945941
12425147418768741581330306410490433077999201041751365592533820721455151247173
74095328502125815697827848743330308469071385265160240106458769210058557997076
35404145469419539903328303335442250125253743957314779827962890549243111966317
18978167888086280395829742062449856589696178289814623691100980817520841959055
49216393060329149150739551279148133992075443961506554516753976186180903830383
51443585455060658180183317441171616556895229759070352142480347846375114313865
26240016272714993383342661905405937864062016383667295068765526459734882693603
90778478163509832396079776317413678716154564207951511701255440424714123466372
16057720724528569026985852462128687220629098319137775154236940580404071036143
9707554098187883869461987367005683380403083076995374674938892894223473499985
18564192316663172937282570598545457153428091677810364894943812150026177629645
61306331071386885174533866186885074543306386560225492878391184956453795608759
85483445726421908830315426170801346536401802851644449942829262915068430936863
78964322033289848261884280915443880011097999848746604334134136260863253525765
108567894056661080708531645777792097816690353961158379633998438240189115236542
31502866757626895422384525140374379137221689973687954854596081555692036463924
48856266451144406673395203347674263662582765912657786533632182751254054073380
12305881552976801640863758178337693133654034617199953727895237911049543459743
87146529069463427559807265932491598031585681223491536493202301592920948139628
82559055365099452334077121991734217401142469384042821511649165472110741447542
1445071063562281395421058906216737187066614159350761763934832644362012206648
107681639761298036610241500954737474969207556785181723005735056410025559559885
74882635038119133870246771700359448175477205565537101419850850568896435312223
4508027082289414988359698658403419495786503502936480049674176690703233901910
57948138353163186525106505688530549286817813359768139822522817451229909078888
83422289806718253507131951862068816622949323775440061982354736461936975964478
74005707665262880313820659312235289924792820405488157414832962499119830807867
67789311369501865577097404686344541883355049224308197992028372002264715434220
58073112364686941667860272707949583833421919398248989715760036501076594966234
41047155314743788157633485906953460858862078477279421478979056908130610079206
86297223081062117571037530489674652096490197017296674763405278455962436658348
83486021109370654763998441794871788859867281864307416725264076976667917807322
91241573831413235007328492073460676401429774758312415523123004048159746745762
97884743546930906526535955483183136431788803454858706409374534984353084451167
1929796495531654020540357828612450121232629935855269841161060148624120475441
77158149763354125916791613950803065128801330463205094221685385479564410281049
81654397230303195107244156441791358678943828320569844168492619144069896887981
108079381477758426914235770398826118431373275253631974783761602415881847664585
109107500489939239207960777445151394350838357990258175860747406069869956997655
34269021127785979714764205050532225501361429092847785025115184537282626674054
99598369720026787306891529123166054798842891052194399533288378385369302565338
36633826588162288223958592192511204402978956116206054336044076942508885996627
53956905811065708494972415276437746875889894327089048271378215096172915473762
65203700035527903044954054359394907673381707862686733744995365393486811248773
78270082433455212364208725205217474320997432550712753192583702107442287421585
37226319379096833556698181438651620666427225028214170430927113413573652539514
111994368664565534585997616226612961067067509834780744583855099842390990060099
78707969946920083457079519037995730825579814890987083479992395235869936303167
115786033391092740967296645241573697361237590194088229809497629127609962687400
109297846768876263005543071033104441243635946849319303749544040365610810729393
79431870615811563403550473727454959121063874073892079504754690415931298570967
3255696223544376331030230954240811113287075051092177634596464616036208467820
11442577843351365016032774907799398368545766357047103504910331376333163364401
22477066407372545092401242030441256829540464718944004185065039210243871860385
113734980081066991912475334218502992178498167592123748758619196784186240681813
96541410097143423135911569536079261809110106137855980881761049392716334462773
93095534285949179878269525603385108156491259468699802675293937205482584153373
37617894681310022318632045532086917131526275993841771721566030838645379340001
108419701457310732906692142048077692608807067267805874987364224333079131772817
20645317228756329920269001279956812282966673621614785982194347537483792811388
33343918132046425010378987112450798404226817120017385358647500242071898342834
51341050327133199145688898006184326406208836468001342527101871759503557795540
78982733150938063788976711917347920631325243550026706550944689424554104735633
4313819987000880894549439207542190608291544598844622311670760248420177389254
44234322805497123200932199510431032770422155770281874901642223719864353095781
46743560665779915580528364256024938175898387744418121369111501095524824595496
39105566631960111132493246158155747469790719113135254722956560088842710589470
108032809942345162273607796756670557970131580476704525835417490159235769035885
20851023583191911094511322852398120842796738856559584406652112822772608855884
56580067549741125818436391778827106887907957717952700097579860353941238624032
28905409944375592735649920172168092526247401076577301594947465229476756525211
108614096233395602978576247324673158754566164160201973890211696967115572687875
71439940745552088468466176706782405226847008260823962806184515597076811453019
99830807073114290125258895833583165226297863787475407104596403332950774532840
43493679384967985132569286829226920972685261155228191467660622619464515676602
91295374471290383847761736116759513579411890350107272947922171698318887182390
51173399229462500273841039526797726451591109383698811583492625007967208236916
101784193700726968118162142017632205814425797788854549993019545902962280404767
18625349811384395371201810341237512860197298317945275688172256179712975508224
39538233932755656524762654158582240048627256854487784136250866185230027327627
28729403598373833457224824424325910140531025115488389773986133905130164120539
60592530863889613210522976490712096536399448802188594505851748068455738481457
80007949845553288330418439888526730268957709784007937501574483173583907176100
27953211427931014498658640037414745307724639530815331995217453976035671228815
74044808435985556049411609898252041102970196526431568946425757945644964100133
60703713443169996884428459332828340361692443213442462669524187453252594127570
48010760462743436807978217751887160912463057573581716287938113150950075986627
8998982530512525992209474073948757012873692214207529740134767150113899969148
23520223359814399562930350469657221070313333145961139490267395983651677638417
51077249496144617534894060758290599488744379611169650758767135172717584204422
20224135436293088851287465034926531440353861722549946680207889611143735433721
114850428662623115038845485504105189740119256408963686600903740487427379290733
71517942020102921389106839996087767179840503988241450372194892196642922635876
22354055327043891239252122254177293122517655646870390220557284100670760391481
82492948503606396899861144129265574015927198213339519026143901285800273789238
105932326246197317557349460250722877848525585246632194090814195904139657480759
38955438999342470598871215255536374032642773989491850461040987970525808514708
17229404336733349813288434054465364073395110761369721880182033148489199107690
73113843089742897786778294255651049183319819275484849049240464012785119459960
91739512936579926288765756584914822142156111753249874508662186949835570624192
11132652744088361745389990055742935988209437374608505100541742045430347314653
17301266533399923437325462367212287605869661062564906550885939869841454596128
44407682283931856084784427397068880105145149463438664125061851024156046812458
31387677180842133174563602886996858871707425355409907435340466882527558701382
19248184287149735650682429029504397501740660778090638198786564553317712327794
16152598145065754500335666587370394950435929718862100020139301764510272931300
47173808192017704857653536227075655610233432884681873193283747249321398831395
65148745859899628748041060694959086743039814265116687448344954154124846902921
52768423254078336328856037930592555583533423554739006000905918182246160183262
19512637733854059231234889072243744483254806742277152002138376198696180065919
31479027135540332471042123381713259302072859751643125978843250201935372103506
36941709551845125616582142363239005936241530781406184761976485846120678971265
72465372329763607712500862347402744304856466308900091379734130681025538928650
68441127109884479114932404737946549045292604194636221781989867837256615485958
55573930173341245321174321067249294770172898129693499004829123232673554779054
58067702537253389136257410295366230958910703047223902120387033015329928028463
109529388179393956118581285696084761482455002322662705920289402140456664535588
57144411953176090107883718766825489795607493619720968591174511788767588046974
61661380142572545653070688011184826745629620294751755287413095506805465247745
39021740260292590359298688650059449729499898773781246108773651329669388808054
69913545525388180739326276130581317280315560947821387246262299001616868577136
93503594089509561892610544455006917898491554553563743199392353759641404672744
62681301062846928069434194946368283738922345406048624912063374240233485409881
95082427975903378446428201836779893258080637873392565055838781487034876280925
66313788533872849753794682647890688513439574175837087639659254613139810419499
3495557847140889778688291525881112449045164321363215601625531321715467977048
1767220878865015841949821020954407656773034783141761214175275949642554051797
53438467548477280316659094784988755274870296256378340613157990966432063837336
17503551954770512235164340176328746537250274484689333228136736644974427044867
47768538186230443816764526174593921013857548356566631061621246817221424330733
74165407689998494512319865251185021541708704448176057402858511004834092089847
6103420765081122614842612085959076406408260496543876340797043018044074058472
16096955028738549913945984870542619182836935246804699125868695547631914538168
29091516075771063717878609140376737013762488198524908105330971763832358188565
16653871416846381496542448807993393259647024256763535018079869032867400777857
43570111478476789739168478661097162668778085721146269245609661771643801109367
22892561800172238426466246360715921335850455866136098890834474941676940991579
52905956485605585739247132384893853769531355889254929715452420162917233836836
1886842423176027392046127216761581362161975997601473806768915430308111392946
107916232153921015628745265620235333493319027394526265387925473599637489645900
77577679436159052273869809779398456893241786873797269919140542169049348707974
26712273126894666789238808873710816247725561941337689293266660598693755904969
103416752137777229823079858928431079114606783189281242992223133128069717273935
64845223075156123653594791418690823951794723108276356578402778478525987587063
90346129790380802987231189354693104286584541972721707225873700103037626441825
4746211379773494515377112195090875076514320159411506116088281568687532968972
40048339075462639459728327675293924917461411958526339924350001644580621294493
32068053725806173583882513400192357010303625431125067717746698885181630043913
33025910705954713482989936138965545819019837656129043597406587671906197617936
14939731222802797242742012869414696375822236073737898519964383080787679181080
12574271275740193726499777057751143688714122568594259306222025784817330423649
103925436111368352273714134101263715462115950137871634240326578744198635008502
22336561636614345580598207498326097194620731100799459531643496729820412538053
15707160962372515326879017873503341654986113027657172263925445585788074006054
66202787562534209511060626692929414979582157411235810586145281000273208615605
86942939173384179673830088168106146269556261954635285615008843243302921359911
21704342174871884311892169666168519788759638974950838477737461992766221897367
12123542899515018390297456449674965074335039552783812229492977790723149675836
78611689816427820031263879496368195855642798076962820032158529182498346062958
41507216569000131452730757489827584128625838095720818593013631785783860555467
82145038075561455084924933532806905426808277909481555222786133620402461766257
50506968323979646575954669751795651525379473642223770032383178962608499059596
10667962418475029024256047440743136914500405123097434293193044878051066468290
87775645489705541124021462035993924117653500966896126969779562743558094082929
110733092739080764635579294944358486485508027750787965666449247582873531405132
101581134988423057405414247019545925911890879787098376445597850938808866017939
99024145500624609696090703741131014757146083227608261355638772350533443430813
48663235468460332196037567487403329970531610293092996297698455860315955887017
41356801959103057672745806266702469254778278557718290471342933415287373682136
52446858899476873450007121085669803015623549112829281484038155652209073818292
77255861565712526122989522771625314346886325499138863476065769223514075689663
50931466422942839956827637088054948005082819451277598706871688313212284690041
86275426977330053819894103677814732494067789707488868723688906209986549243901
11017914508305426609057116588729205627366422955702813745997108091672490551298
101328974931529054458799602327390907846258940771479218475153697061352405474190
55080354765444676930510674655192660199516939879607763375595244947483687057948
34930669984728956829960383541413545757857218673758498377611237564761034602656
89261949682848998827938161386906016120734923581380908679121803691492156088249
68724406954299343716334458751516839153696480174025316504058061999630520754348
6577174501576726795139712173453736419772893985271481815399292045883961910256
17134668570603170301260151444036473409607940386319886181741924925799307096599
91946542177003007033365198653213409885989123140278093033254166862624587522044
86306478985295146828083509021122878178195557851851862608906336342608180896590
9582924950195534040577686365205713865788146595461427493747388399561878752557
274046471618041746447854186392529058275747020170691090740689163340760695820
23518764901125847046369189326157980014550542155182621276086754164127724828411
31815697265918080117554624261523715384331432826115056259468281214602089648416
45565622231949268215155708203567865660126381382123920045463815510110769177586
109534502854130571412090086476716939436051120088654552542881395182931805741409
81517749790496728453319614877020518490996216019913506470502996945471320569259
29543253128245276195001894953829809412224667819781724328293312505053169746832
53961140161438823050494710360020942001481996107798446749105273471264089660714
63662669972710093780703090372291856527686032972609245586613759225275078660860
58706115656135773156772595441516094256851509714547078121144503839903064150471
8395384444848015492994930549701016517940990377703901525252232210906134091215
51099073230613712867215251164469334734263429983007666269544972203383484945978
111347854637540401967985754500781427432405127006793753039462273309711032467658
65856220226158465009155389248270235268421217675149996536297474192399103317311
59345645982194526934688333391691545726974391554917292200515624420249585423568
19538470516495104940191308143735058736989987458182725373425540667041825420455
41827034963179241136585092531621655594242837677699497819956081445527597846698
37164807453302221098600773282122631386098479457028447236010593174125838163977
40815846019230404953913637854579651787563185749723937582356023201079097050510
57994317329903743417754988957408524679419357425989597547796522252956530220424
69197966606195117536046249763615986309984390282534086150602746905331048406531
25131846559005353582871815202929990952161495307013642785402957502693707266778
55019017362716818142311236116979932614661185676515850363649948039019034628986
79901108257317936203912624304134469270107035745925642600128711364259352519733
59518859465237572987854286121967628317342593075917330098831115212357349699829
80272624391974456215661580714162955626138789810821996910659034523045299827916
62603994142882467023400808158750467881599920103941489181514990985165983757382
32581312319437219085589459557098021552972763967678749944710531671348324495963
18263690872694340462758755932066764545967102854006229060974912643192052799826
70346832633304308680630528366604443066773143633144183437879514401225230397082
72070250865698251639903545485110134064339868494818552880915020671539249766005
69649044820296942611137510086102025347937057659547141466343477444785829270059
15087378980729029616458809911973851702122733948947675952697988354706207182040
32698314487491362601424675961228088141542203575354987546064696084335274619835
99063951086695887451024330744807529169487733781931026395757191792856589476229
14156165312031825422721982512847006802788449851464503551048220348467250527026
37249870050353022088204198044093710367913428699861728689660984420721249713296
20658398714164383567272036609592166831894450432533250840832086518475136474276
84025007516607306258569447915456958085036582527876630542186832971370455705178
108346285495214532420237789786618639470991123028323152862838548140995011472250
109598702367613526820731890779315183098836144824363087430325827115972945357535
63340985143737313554857865252751747980191944718690289616801759994251935856801
19637561801945715724799343196085054116036046632803269542674979503808066795441
32960508609260046563622725303473080599921866188933082275804447193966448454016
21484975536554119431121131115910322086513714848266068566825867376273638350304
82576008351062091164894160047838822148929059615325153661513229716684208860384
16189672164995976693453430650216581255145720641160691059880150524068140186866
8792431945587597412265943930432109388865295307250545974649517835935454129595
64785562862323724330194015394989957817894950211642708688675549529168618662508
89837698629465170277878692241119741613067213223370791384903221746506086290613
115393353449270022389187885201839351061100245141543694067895154326164191011239
96933470088206514652701300310219903901858370833521315683763645128232405782426
55067292259156165325762004065869773870291074679663880824792055810526547418991
28610190398940422563994185484576911885993265762811741591136656900165064128075
96372324688237438645676070394950489063187837259092443678052048461782236656199
110492972895745747242376151842593957962309143614663990086702635927251372141341
14871747739024265901271543606100404906756806682044913590715528344275759085372
26422506611334580008633499218451863598061595020059650099693432213721561916727
65081211383432046842993968479138989633855183264149801618828199327956478827819
61214881239668818885192067539535037250412008736112387655002514221371968558445
61508886590214979217066036632321515232328698453098793578834103224182689676903
42640425818567851097043709840824649477360309714638950087830481655493391530948
29999944426868348034958346325714375120421910057102195653750422472587927389614
55423056773206004453687592650084439881940877855036471922794841606530495656955
2530728454350598312523000190041276111204219279777636103617787921504244151781
54939997053827315950300544901274955291299896574013237828752979483730926611436
26983529446005375436713454942351648321493639673358936650753690075383856586275
49842101493438222842614820086157372058655293949566409905408361965886756761983
44504087989293111168376128612754303778152424023933726611444729321151636165258
2060381300991408721836259261332483841589583238793693883945862570095300853275
35454913117962937435575068966352943516525815757489394118528851569599460449036
92513850386069636609689143837043112159243012300529699197115696586032924930086
40031303503650884023992139662559025126381848191848205745963432098413689760838
90239114628878704688727666375233629111484739387321310898347769110076257510518
103803352599120671783459932641499855476678517882172347432051523328815793039311
8192962836746603571539966839462941574909563018536586097438059295726916875561
111380161998010387200061429575466079598970338676715703454532752023782652569558
106964380841463815884993897309195659890188241729205110214003260386055432947714
25911876859695472827040011948204337942738850442606493166518242344372425097536
73212013123069144700422804652164780520183782529326918547051979221414674458060
9965639316645512414877713172298915300285949740998677504175473252847325977760
99193668657069855947294445920247741034001105373237042819853484222519298605342
96496035359687543180884962895906492388373399276625125247594176628469309775889
114239441189526581311992858250071453270508964228923529427190247563244998775172
14872251861013184168213499642539307294784126430364761309862571390475976605113
87696945993206633548665560022611906234886130974266390492230752580335969026144
91111801239564902599894422603455738196912237455182313051092267264207631394633
106501345048266395511805943222385356855314968824526427584716700139486121249224
55937143088236028503316510300897421102888518081378246155535922919056280231126
20989629838972673120158495369111061142182037063887721950010089248114387691303
78390748442037010242144078704368485299178419467660686962065071634462110172408
10952828963265310268171578795848431690101454876213592662577527466176867853101
76455529087442633018262934045065812977911172553810590344936062507532857184646
17451998316925262557348902889750618681490213385881243098201292361016187501053
83518342275321946376495077256222009543502535971227505299890320755575712627
75861214857462461586457290114321115478588098066763283805147816299058145264274
14065303966494491340118035005750655526299429749729142815841224435912112922298
88941545131259528722205339953303995778759042447658584889364105834954045864706
20846131087651850809703352583161869282868887437066699933659816916540986451932
106230456902418063776840396367185750138558340179046217420693706557870388060558
23660500805482130126219148751157406776118111770568955644952684135600438815055
2945877638401739900920690101811762828429099865970945922576853822428345789233
71127479744480554430429685542966596845703618043259697762199380263447740342399
76752152745840765056004009655922136153344357284944977952082574795401392508068
35124056705127640376695399056730888998155704254708519796706821948957713022792
115552925067942879044080601894324368405994458634562309164258108031991413034450
85830555723708649113508933620562721300355443474877692348368130721922689818775
104295865038782303102670130957571322936943399226139138259583306558342862365577
59139266852660443338596775736192293007751107052626823977901358176662221465750
5590642886786584889988719311589391165216240532737822226900434494274912547748
39142923374415285640267041774157628294933395597453701803142826155305035740913
115689348846120298207803055915847577415099027681469150159204331103935461773163
5601512489907918079700044626282840543309004893714593944636539129140035944676
30812392857750063940566475172750939578648036757741010002903322387886448868586
89227788918958880666640539628478592832684593317905597827296672914185165642714
77089891331583936724578251785344047054646301435377197170179350158741122963026
85685803404182130688618274731563623470799301368232441980032869580016453816051
108588944397848989428033330822798255780732873711611534403562086052890300780286
87260692978552349633066123006790561720541466911182310210184915938630439306677
97437523160337005937669350921709825740919432522843676878529165816926574880003
80387907374507935491521340044412366459616833163899001980931260482924946254313
5847864090862694635249471091974864054722315575663725886447826900599829311841
67466343728684861281930035185000632087272451505307013690428935558126374457338
77929522816769838766345277386661667461870301428818329873783532126949458701681
46241941642568863443177280653102182293232921326506279817100135450832083337101
1530424279760601889211164556040707676275822036292830227872206041962867470938
25761402362899066661313412144216560390025333599510192024078164198698451933658
102674232495891779647869417056380802697790917122102565192423892146653448608835
57730213306098516768254137460573367439014210709688049152161678086544268757234
85368639948169808316525294280688182891798741790072160601113550625487655175205
13629883402865339154596657779731577584484582746481373520974587564286930211589
98695307062847776368758511060906760054443647719622284575309422338408336012302
69154265753707288925504311079001433021701305241207345857593630525801730480423
81710458452528104569436569913214183492432330225284281240460545453287376020217
14565404617602245179056507301933238271602753513640731720921555067550781891866
39058331127938810545189879208546285054204300091643966082557791850427572077278
105085279860949856421360470790858563764345810588594443907138582654041685984258
115161536558316384835061029686683848163268199965392815816595093927720674229236
53171408584871352137169871903680865842341009291065286871711622405873807688121
98925527512128634174501023553171827644972864140506406276866701271010870803216
