21040776412119378166722014112462087858684242305427120775109356613152103060177
13926045194556726691882994592992198962840063229474409375150080340553319229082
105018307086096742156395330521096209490212468521007283850035710936849520066148
70463264418004115960848626677419635935905849917800920482698965326837205866724
91102673419748760145103338385387535681272359371716182868333716628293038037032
115551801210784933572302988306032147406897207368643758051067032586719433741857
110204113304097066105748270864710718680657160631326204810701205667563209804368
33491324187834118553848611893287129872903294669476637177792098670124235022868
89751408262371930434178982550455404632774446423299961405580845998356611619590
40981023330384251638026924948220471075397389301630258596329005257129340589501
18608962217426154980917656576512972579111603487023595027481978785506932827789
81970996861068926777690154854212673123927889272401297456390560765678383417979
16435856630281788080810545598647075746860409862934997817019752494373612887752
102256261063559199541848606029661158011177902568908711104833409887435423090411
99723505690603518111628180589982924252542021606884347224374559255163365409637
35036232680652141481972214564257033715163484879795873377463368484934073911679
28084169329420885734580514296493159014278729122533172540353684193191361923485
13596266033765757921981118758665989754319011300816496293843265411009126567415
72088573060972292095210647581116823096250632602178549948532274815489639674613
54300901071606008829826315654306625552055165945257352660427817152539550497091
2814926698442318004819713002727656825819677823520432817961781360310549671087
88426309340513796263746136559921187528429436401797864073506559144597375428067
64500361529440978003328939074064744311630286298401525987826909734626163643100
84590252398991325873629123471100894633127821916900931885378581423027786043215
28223583817485552910733457319169097998376855810734235629038816084636834363265
76476204287299553569908464956624420993462353949347766950813602342088494920446
2493865119349431188892391969807246786643621855220541256597590286398197341225
18027089600801654983106882653661563234024681530043497630186283874918832562703
63279188338301680242326695417770651850889012075636117321908703522564845113265
50260707452525884109385933764752399795598818109750854734917852182407471207789
76678694332717978781542899713267908101663262090227121006766867850335312503362
91022438958934183353151558362198619357807741099263736266087354959651372218752
7333011691481972227520414282875434152913256315611086268711875960176529029670
53973983911306480432472406028412557523662964675911118448304109403677784163352
3481225908708109195181485416487625385822015343240234760999306524084440703282
3321349141955969723293980940342331862942174953137306835619801419041524894643
93765294670433292818822599638947254758419021810888633065591124485508815439069
110579398983235630870776523596540437317454192367577101777552494898235814494516
101101303290183236325608509058825554706066753214569936588810245848846415591953
2726156268332004274997996122281191425812678576338506467163537950432118605677
13957923593290418544843999244168488992267997129790853062988844293965149342723
107128821909590398379253145158989344158839341426729156371652040192646838323985
44461515668345423622324662163886511055612404044643653359042771475354686126576
95510362491017212808325712935516769697841653645119165461148887318462576707672
23690649768328149654713926546160268855120336484817858712709764484911452788985
106751026098220232729633963046978426190177052090526226104847567424666539626293
18835233532060176716469140775630956222673854208891018654255602253064709606071
24794341642520394075744901576170919251447265102705544729409847273637398808037
88512398159936361840403526680894144268527132124849446541497996208767892580124
2214466315612855450181068965648292648459537129000989568542307220006577619969
72218429846194429266741057836646953940910370124813071013757386140933778273899
19165522775676196814155253364502919211361620361839329282171285011930877270762
76686912857479270786402012084688950629061409982575100067325590140114618908372
67323751323259316355028293660107073171948969150798858157865149197863313469940
102219847471973218558843719594635435734062256600186301110115980168675769493757
3236612573533333815803463062180974371644905923928049572446200540026352276818
90934653944383935809900159595420577739019621949184367173750009113772238147507
48830657748090840564807194471042707899879534424867335195962437454018044351260
115170947012713255904014943269161059585741942529548209045404189568134105674585
105182074321431856015779271762630114593015785929722049184688439323375219877310
1261056169982400591142718080106138997876880039586663394794726389635671216690
4430572637682545784958127940750544870280034993114892369421221906247991153194
66959830201044103446480543591395877040969797304780682620056479262208424066123
54172105337313917463058392641748009370910857995278162653937828249723683008714
13933891513144836634232876456814344056986736339354486728711795389646435185065
43965117248255755385671284176734984342423360472935847404614596103789941094750
66469881058584602240030701572764176322893034542507759837658031341240361974156
47941893902833917497380458821471333717384056270078648804619047122721576527669
57990302212302715620172182365258466233921932823112038728750516071282537940330
11712619579533460551988449913678313581035903841158489141432676671888641573471
58452795310060091223344583440506556240095023708663966114524372322128244945747
52728408926541960454083606066521954991921575978540583457262412217448355172371
53216557112182305850841481042377253682237744152117610098250660302019364955694
60054862454514998668228772392311876785590276109585449223776337448212944918990
104911536087085338792700416744494161081952819023552310559329127990506336503742
44638500624982918851065312563309978702012598924927570704142441593640939090914
8235634444786540001085862957367838672221454761679232859061780952952469081942
89943963851640151043600301771299170396804043373307169579393232807948016751095
24495209268693271520042189879057758589245413867181134912333735379081108121513
83324706604881547409317097001843849254533430908600044806161439717111718222416
57164532845124744204740917886943057425028916534283797885803892384022697616999
59819918833334409891899455951625156326739390802133059611659766697413995594982
39656198678640429490156548734616447978064113860802210637368189213577823141730
57955712368158649963197702324164662574130895719842687427622666650153703800715
41311616956337086743912687360870058370633804476054998271149567322532064069988
78395155556046570901015056152397755543878406501570265305542568064752637592082
33056561995278850139869135860894743352971812127293284761920754705918269546241
37957475920763338171124200207675881916272608728870124724833896236858135610518
23452516059745829335140364335822762850119240503391206093228776415702727226162
55976691099855828990884672250739040231218387511883953136201893747138086169437
62239266512527347788608231406336040152852575753560666825792785850132144003789
85029597031200786285123583196674844097573057094968951718735623916700049900658
42981285803988871166663843170078498280141324081689829119877707019753345142590
53336457657519807917383630407471996867814932290796096240274146284468526444619
44632856208745069227296102961345923421554241627180535611043751270061680761146
112794833537493416586748879037313491753395701225070528986714598366832318010092
103551472668030576635350051784713220334547251830988138094717508474785223549245
100104256756716654152897298854918143754542302124668476198225163798586867345678
18826960206152196003204130348234798474402118637744289163296125100212107780709
77588985810859492806486248521894184573913078634498845842472433314772037637297
1825931876208300845811459740769014922113294841975658318137456558209543342338
73247852807412010305712619719077499232319537265088059159210380398338215657544
89937051434476950049321284104318853208733381396801981934656981530907068974098
57728617735530365658762242616858625914610164372818499855554496689335519339923
5474185734036104887506570551076650907358880384148799389625506415619727260288
52083255577294880430302876458589871288342642991485903618968271923311795977540
39276342094383369809260016171284814213816984435443172144599854816641844516136
6543335752597064587452367379977925072967910852587892758835642517900048352490
57617499408486596245045957297489622702044527511273232314298470708429964583029
56977393643746453425830976312616416995313734489619085965405107746010050047608
15829150787485203509505758772265425486052343731137467392439404508644147132838
43644071962343523659371713723344730386567944405002291143566618321492699310987
87370659883554629177599396062922814449420211789154148412666406049672405111867
67696941349635978151220789203629558558887173851832376525207082896139855782315
106352291894777357272192192791528651342037127577706136916284672019078222875264
51557801143183566747423210690608540442457510210168282253774808880413835831193
25738476399912272749339426619617993410800648025711074229077203172868656279017
106629302747380692241860322678896439545970986992487263882725117403419157778542
94659171152132556934345837082329841684654684057826681667107434763512244471154
80651189284932235123207281199816781686134217490819194680319890446678836785397
83949844685635358596834066182987137738939848603695839206872275289553903165247
18298437249149194307832139940725849010600836117467421270763638489889921869011
113867756163334754972668391986169198685236461719834766090028450832854640801683
89280646719515325704804357678170901011931477460500523981493966052860741330640
61641142028830891673640088246968160946613609433217438270013876704841175519710
74875857957721974659744247975239692208329943538566915250851827684785755518952
14797300486127113835611742692928330302978939227361494107984431885923892305334
106685937953470673540669878981299635931076853314487555318683600846329023324991
21286084024390514870243429196972662529109928190321209913094732929324511622879
49594693593990590338520541189978106681901365121518018573763765798464439715792
76967417464655615389596160493939073036324558602056603041529032378088478991758
59770003329766480167346883607746196255815365263907752032791372623815033064346
71633208711040378577987060662847866024065921414879256367146308118971612916911
44093482690842156839036212042679530127941581508031526730259510504794404277401
86221022531001886222511070142632370453709062715139484750540287076770206545778
14763135887554475554357049882973764687214916067416565758665298436299067001811
40157170405836672712305396501159527112873004455747719376340941280944365985082
39961311713445625981951517607066346083329897179007083949327296296598945320097
70032593997878103107628558491011741037411397663603435876453415179785610666114
77642910403876858794934355105545308359286713388444220747471350000630285514379
108487543825532255066047214398219804089869310730667096206457492993769204150259
66984070182072924246027001278198167196714164498987719659838957920464084071286
90558053369201785520959759709164521036686139405067770519496462760070159900528
61047028475967635396254284101141674093249402129832161161727720784369432632177
22248926176935616490751087210603083753747219758379415833602031783665595371647
92847781608144403021450703334565551259656984477267956023926856115724554578526
55585661269595165219370327561447542163458677857206719194237422141189643179612
106107428378386331786481176439257430213269865353289929441808476361898326567349
13910007975998318811294965603924391144534098545568316074430658298832991074225
29588866213616533720843635184976024069192835856041165929248599104525977644043
109898926206954493475247194147609398568805734870554024967849833954942737518269
47805430160535361790200291967195643258936855280796346591082704491372521305641
55383028307853471630953976828797546842465732112762756447027792998249571053754
22334968070844146487576990455518160413111775674528935597930621028421329056223
114262232440982998916987367376997357302828498601188228653765940035776724203195
102878163927132619069235598258534663145534363474927785435656122752123551067491
14188151075678483278907956679772846056177718399106474781809463900329472310232
49277077021976064067814395165895106821260726875944915848770849115002935990503
75600918981062175916376809659944293549382618333999082044146374450399013477787
11677934051718260114401146770578545489065086157764980176700236786682439767937
38561312503122706384830034512312950151538477723484090574679427319183394027145
33710711519946374430974358470524804765405287226593379011379762250039142913987
40817382458730317027046992978611506726208976753349460517442597163784797016168
20712879728059362588899397008366229673330224679798347061085146380795528237269
715643080728738515572910975280372152699463624511856208409613555722401858910
34561700533755573433464555947557351442825724477730345944576486733476456960976
55040727069117173524746740834047488496799474042582315600242790194038933793685
16276335215702490699850117102128496572370962635572469325550237488699662790375
65563716545594688046888533390217673303267389133004396751037779625683940949665
10265659835226797968865973742378353090796341852727706554627475515411312745380
99418293392316275215392236939861133587351853898030198115803122327800753556811
53104986515426243539189823176281037650233837406884785016030346985754642874071
75020993655990289399102413528611393712756455975988655149035101961729741987833
112944294238853694258160928085888248503013261843493732281119721775666278563418
107896565009283177151302662219035424456573905370635703204378578045383227108280
2098922716995597956708509789644159009866571838867381591925560846824446725087
18220907590226387971118638541466285089365068658415461680196024036927023404242
63023126923965998249989889973791594395937543919199198025008600366900312296726
27363572764711330919637527428229727419615196641508978529816146039412376499629
43022259982888509566661931656755415501930838310328570638067686133775823086865
98674364739706665854702900548052246767010758093133358766881382310402224617318
13544643949500347990955703301380356340933660703947227348243278354267421531602
100101878695115255104258534855368873572190612664012157566637867784023846663004
58328357618088148854566624886415996239299315111104185677701611311254736460150
29884319018290429299564612230093143442091046361277192898903645891943357905522
4765677600800329275001007315062167211283708184517880405404324221883110205910
99401401182273463733142808734411020874293261213296302341217517900730416449137
52671451542525670360700540555229819444954263905508777348746422475321663438997
61034757839168891554088375974797724766021379851965726570238222280262894392870
59043386791743538297536873790370312654058708360112839457997237506698636413118
81534186149485124946264792465881993472489911301544652256783406603646711341382
94283422181399557622406392800427855523823988213375297916197769307357786145236
39251967638678023373949738857302856124009303387810130340375772886608250255228
57291039070701254472347827145479644068028730222701676398314215877856219123229
82935108123550921590512843130814781756989395019427507964842948792192416978405
94867652708977554063430502708292371040719086541745228135082936109602019488361
115774645468719483359291479988453327419192212139058449069666335061702649934976
28099220161747885758041068704534898780903083599603205246540518713029838660154
3944279940171928650174564915247500026672331256108926057249686082293737633598
38615169467768060493346507918668414597247970995142902209351529980855430882230
68882588046796005690819998918461222837458633476131715140138758807778024888702
101215916419679937577233531429598163843386601718260587764497903889075267640242
107300917647059282513670929048515535100887306010627742556328133306311952490127
37566480783747771331861329357385004108025819772589699209692927889798163460318
77713072629350006046942880197213375256251064796502357088975365202722720819452
26892591755132082334610971033415895416600014101175442015417519710290525698120
66748352239144676720994078224402252398614601404342606198698874922967018747408
115531533805220760299013171568047676621135037137567901511854299918950989121071
105636643240676297778981833001480158323658703783805500876641508090289563626820
101740287237765689135958228290477040841870509580193617547408626170972864512022
97215181989507924092872787409947153828035697028093896450596657467134443458114
38714606090622029329091885964071724822023315267666618314709859100325510305148
113953579563227144800992688285307538274519275782652762449506922371331750588095
103490722198060580119194486345788631493396905227395792470859205245131528793709
48628452854464474041016596061695112498130163257753470287844785020873960817906
93030466018535176048807909011482943028583885085682679294761228037033687880062
109075880027232882035886086790122714981249136639262518610678755359105602835404
51901302957439106245399541043202434730774675021168713402448954083572249448526
45851776657425863641981922727281533797951633156637608737463824424670953437756
56867961974282809249485958470300742939787543565475354599393128492180372396225
38180000792829376220650922444301605873037509027128905496193037164541353605984
85738775534438193717748581663134349452394227706251130459711453516409626606223
49500049012448036201224639126893160072723016635226596941592055889394411820222
31134735136635995650905862622189518531410303369508478480511485794633095491367
98211470221316714415567448613865647095828924673859037382416778023963155631552
33578601738531098833437353805835783019166130173985816481807936064764007979442
7303836204242049144404912031903782040036972521796821068009743338004493791308
40720744156345046722843625010293287239847364123325248458835749830635135375264
22728511758550618043455558520139336408854032195037215494453589698810814979035
93378553422690250738760808072563068590042550771859739764806590809736766773680
89282059515387790263293001405129974012517809414573474080793154512112043868970
39839527228639608083891233835670065584517696350583046331793178754627321749209
107019933005371471984321871459582007242640377871165564863044153869886727766586
23580390694653629702720236385446067048069810596252578426192584106662730134083
51066306803233547575825372539372709659221086175142857690809950898999142266630
48022173532623511677180401246099175689959295874070937371380403096127622919165
90220381622543126277072449427113685894421851912335804149919005936217405220598
112029255781722626471222453545232631833735574182444617002789909885564631066908
63173994788704925297950599184151874211336608953687548048138343963886118455563
8870967583010806651877391651219293330979398800585819567495574454182628608982
52368923563376398336116847378213801923369546762883507987301476159738670743051
62037322498752743732909707238494001444113065027708195203454720972480826044768
93162080255532751870637493934256266554206608619215731052515025001144045029424
53550176670266839243439736202642648847319929367663865173309453414111885271639
69469332904738142862909919587975266816058721061478044177985979079164733863401
51785141513575524500045229842063232152785323331655468980254204782007994147642
95037249763134188551353371549384425280547808093845785881045293043800468792957
20377316231355039131657696508495746781456299072764184159945823560233491538544
33854513196552769103309276281075607415866794932729619620475834609808710607888
64518898633135795647066969773466293886331373147013736666461758512956256936360
36407872238793285322892772059578805169653459505061056787950457389502191577250
20195574863933565052528976314180921694833187179004812799996975178989110531844
33750855761727127458184659125380593592828955316546536580110203569764799283347
13468207668238824339891458468929226827662253498247701817068004690766307149280
100863635107528403463577436967098785366525824219148224880399857537654406296132
92492334113917733588708159921182151424310165440843572227761342626614826412152
80912467727082065041708114594367695398494271754040497238485299591345429722689
61078569322297159599474148904847496637887265602984279129021326616443679726089
25289654990582351453603988224496879472276046384818597689655295805416387265348
51540814533509109711852129802697484448937352200779726326427137234709337350726
92606113818299222380102982236357520115834314760906703799537465835856519648875
113867400774243114178655816100227388651199526872532243101684618646307632966558
37618023064973786210991649828755338966786808552290742760737071703306408837733
8135869107434860751133389517049494766518058039618424461814541685819202616367
76698327852774485304902483448468418718087121131841901990848369808151327224338
97888560945496235910068559141807971311366331099141275765931451271127836792914
85915338360685835123641859280382488236888320364462818579816827378011416854106
101281216575009520679955703668323189385354367633430151265593429476915899082789
96189900269582846215730817741092044877220855104603274206269414724776563722590
62791606277185546856471721636560315360659380154182055546388425180723018278386
101419564703809397351298642666664594285459495823436713601601895717911857924179
76449638823757487657921463239903887405034685663446442001019536952389948815933
85389623582361091349023263016388241443772332886474287852098826162944550471773
26110903694377478764482947297410141475155329577336087516713571942778057260909
62628462546144926964454270186512071189761935391340458114199696311398322228248
67355894156688721557220898259019488368070640775077768484840908333040108998317
105154154117101904185558284215867659165167544149389391031250434459959524985380
112665326460190873299239283441175185611346708877933652069232412491096281040230
19811270170456396421926933567552242906978028515149793943610891660594288015851
83316777678802295058456941072143908730717196966600589986867373815773324310141
22574841897138134615443935483014564359225075629199949055026540641845185951371
113589883018589661001659224878510788612947322292403791741854314231793747398297
6759062149557787303511967156610822477929003783971368830212869385724076694557
63292181753224477880367143734925762428237622216762207583759979788119298216483
81932969011344133930489929187016852119255669084464732395616066215331903612727
56911142872312087516701141823198107682922538005502699515756923562726776474625
103674468542455617305932799075000100864878392842129993929365103464682693237791
102219582681713996754123332519328491991044607523581189061109863221073760685924
80282457113330832973242918510707776872914515931259746826727455221086188950206
45603511741365294062479107874990960934123260523413532118789437891123787845962
26959109223491653471893437308535096283242378952727859229369796468638449469049
36447444032212978295746080254737496275186813911151355280331737257462040735714
23709704578786547707486872833029615657184929527699705079065240577979702206966
94482328083730909666752949873931980035775858370104802941802371451632386470251
3432900503857910995054073232124452440959305627219008136554962716112732181622
93670570803304852464694209996894153354404501143051425692517474293733659030532
65179207271032328257082386561086354577964463463460373414756838473933685647346
3307033906247506439479941567698359554277895573637638292226863530371721163653
73837063920674660883870081757383694864673320539128698839368490653244321925587
97264015779058456193780107044585044333608492025427292568803855662138666716057
77844778959109288893718309015425416786502192236444734393552862036433474840382
76498887789606958869310815761168816027088104266778974204793513294510080535849
29297716566952479766276981103839520173535567284661822213953548808265532171801
34789312744120831390613811750796501302501126426813278033655663825328306542640
37199792284715232968706019246699410332298582363409721386409170060582098940182
67240327307001788872989571592069905655068643326872612769273270031123334042738
103701701165307249815008940192263339564001937755821532021696383253458231620482
97848859333094432737915154035380775207137609492628206022005987608333365858311
93403568359932168538183533859412772507397495408579659522590884913149833980162
17007152129618933607675623893212432437669353181944702308212546410902903137863
60708081166518927107003800523917769283292328236118870025026764745454749307696
87991046211236734456677702976998799759313282917863581300916150127999065617078
53254706120155136182867391956329777645648145964620915991541449466597792660256
16551356881284852706669535017647522741842119793253964550231568147859239103851
92305977355108012110213971132043067178977530150351170012306145207185804308488
54205469676282696917962019172066496137505681049236516357781991207351396753868
58200429442716509693847993079965679198196707121323590524415089358260193044550
96112728832266635840270394114884369377560884966970100555033194888042611279274
88862321892033206392775741159795506712429912855489795144190614719573266192377
109955008685217664170479042620679130951930296147544400919378422045806558517536
34206866513309790831505587136503669595698821234797873070100894296663370346371
114978828832416276383027568811482346534304531582818026009182236381326817407201
44900659406018389078360014961889223638912257059272604373544295404524865834416
22915976743536600746585261839589623361602356385408517002405181954515161282906
89511223958595135327744605530751261310103501776098098181817271687702497980613
67233218598836375938109310591256375297947989794537878655717734381706322640897
12717215123174289265185744002334767834568912104637466340550494366853616789013
42449609406651087605085540592420301870505087524544237503953616650691191927482
37062390305117339446989704070592370906771734241394640121254694128814570718984
102173986087600094855382819098884206508884992225633473607244896432160507170978
21958410612498990271655024988307190073680011268938847248966545906494428180317
67654145388722418097854975798523858630108839503884615387366321481954444873359
101570569558029253351357129553922688559933270182706739778114889286950359192627
20493345298021091206921447353910165514721564397441458372737275626346754859332
108701880295685452360805375384590209045313127693243291239343739156236850928278
36239273348839463527820956027310114945043423741987281882498489477345955690506
95853736247932144173954869831560674186765594339266960618334520458688369864278
12273470984918650990553236748133117005462947947469454559535149925507435947209
103278803835104576232380804642702929970802793405371806532997927773954339973419
76661462709939464242601353488927878385958402407359667799465039216640124765307
329681951525209931235329213844780578476208114187598128314302321883049976546
104515002872517879465966972519231392601097916040810952690412121630635586922510
79094521470078033458653345805515090987323054019488158478374608841580310930153
12611281536686522395666428264648034428063312130919418262891681728285500751342
105087290557271649161243307304749180029928785843394731743029190052843507822019
109096510941760678551942672718938736379505023367317912711864017253796172960867
94682511209276112265885547865856172805480002769298012548955649425058000506687
68687617213671394869858814078101257495608219702167313713675655681022137132087
29910852041812208258408543454526024189461437586039343132629755868056828966234
50779061691047616420943621727049543471977431999671289486365927237283156153538
81234947889866276407317268388212413391032462633180030475904562974769097118535
100844996319087129909415607299169466045134834667038203000954480422287477501352
48521921753588197529235470140415524660524030271401765161732471437283841284046
13861265869684377395015967673017153049632266633835222608862352049290713417058
104164443224437640956537152753579125332225712787962196619459670120737040555091
12965766399343018860801727454861506568169834350606625055880465796754355669877
43405476097469633446060563163499364329953253629437630644038416685597200016944
39861690637695785991223274862890250692701256019271217982352603723931194732897
38114170758477776828942780969440132731138645991012293425267508797479343177557
85055864310033892390243530702178583524121628775497152704315873640071925648604
20799067287492973825844369011901288225623195139188706297631355626487670459905
25616080518986478410419122414051872933291026822696909071671042306558650062047
115525256141583576924193610780233011668076342830024777970611827728337980887982
40268814788999155130843458582277023614293973521020895243958466643340444356659
9379298730729965177957785810925166695744170283885676183658608808864593200761
4177624526721300583837587700773495518470046933459245147243110572981190767532
10364924632172443268761971043878816196160733438519488320360542167666527465966
17795369895631317602661577850732602253995782516490134631149253361155738544594
45346489980589254666055219855455879545020844285454629715515350321040794346185
74109691539818217614208128573436840517699229726553194596848092759462114957704
81591581243203945812365645220533722026262509898205204158841907540228871833552
64917215731415349020255842278964226269466444156838133885254883829083012113569
33786558929159057382647193341945020679483908651135996175731465025910138931916
53219897070802598920570642056559862773391093403604385373948892218497785394236
70286745003756656940362941954803856332352308731130162258586731337274914817325
105550279386282490215252321654079067928213527873741274362113511663791610383960
97080293188887895228302266297419342733748964524738646795436005373981253278124
52480541950522130654508857900697576619887641151567427118159545502921825156927
40893910486021477371310096247953361666114115422464638032358863831177781944956
68477373682703542714737693534227122462740090358251201898032337868073733080516
93631024085102309389801977093270266137440318209505040585059344676400720585630
87100511712227698527427149031343908236365998962253572453302677502734280640113
63912933036025122012935667872935353033896678368978601204886083196421679815297
99057217497242564577305335642927940039596455139203945421723686283558636674086
75789026752273987442539588239852619541843258204249786893096089132061293594129
54707014642872210968233932505120591223350923161145323006791836814765841483714
6232574819334822287675808262886265161007580727280843702021860115822193604767
37240378119269639575875022574644442753406457619965333211560418211993836418035
60859231093750793312609836280958644740610445979350266986366510181346763982227
71814347649344468900496375917821349086560232038024435935805597920094616820122
99601688436179720952427754743120081195045237714105532921655082597505106371444
78848507770140155114312607486944329578160264827064256947363361140970423062019
106173351268722729227682252278899348319502331056621238323629816117678179709694
47840760941673330647215610497175266107805748259811549502006791584913916604790
101363729925245113744684324261097545321440582553950902395839838940541257668981
77345346153338656545203127389308376695637225962645638543072189433541045406639
51112084889807925750887870452884469712127922835366660441340735081360614743627
114894907877934475327497497237570011668077248533045967049088458997649858485268
96467269208797344771559291145290756963949311098207066808052564402626214579823
96571575864255967176430161806697784781257292810973885331784348677545874578183
