23002857376898146209825797679428352298035865410869266720407537773145246591329
61701178924262256895352485937382750768773401202008507170600346649837353195450
103582175306371062689353532856308489614255884967787356783635702016340005288995
48475845863248392493338254178839103540579953075541323659813421548940823332310
59907009486493119093464709664094705242231404569218571248132312964308931661307
110099749126298494851582130525067629647038334478636570237915070464459371721163
74069404661240363461740738967094727512244662157052889341063498247377394617962
89085121763221865984406459858321131742263219590782666464002733491783106395302
74298105953677939875046197027370238209844103011817286305136530849042960963207
33857753484442499628075270113419071639986866039832404477253998330839394749175
103515209738670783218068523088352072175665868755957907128093535039493899050665
82389814888407215989447547001455093559787358373076043655167419365596482195126
58157526860702520597063475947165215110767582669025096921514404368656931061523
87041401913571120434622901264190042230733343219965427821155797404838359191975
7294333289470960261125228104717756226110877004771688421962047798590994057493
13988499523461269249310538205594047700591949831337151291192150818970780487638
8661669108018615569097769327283854694356005244034140344369799568440836673514
101408897536686450106963876203689773284088027787950949635920787224770201264207
81891231390339769642521178061734486744156641204144907809829990025685109220822
106056505785253144615750987933514156007948822881593758194118163847614858878802
5993050011711950024293126520069084794823872270050656539968232726285767951187
56472946178559552894328429480694519183977628717296866746126195337876187317399
53258403431634173437530803246503629963230451154630595107445073013011084333262
97335929679646803055954233847720141307799097828162497551921425681577369317127
103805691802187762068951029889670829165664723178878462497718373078978037369748
75285790294481255056434136059953038067615136963148428960030728342930217195033
36471252499686716647944991370087124458827974677079645507603397904649038991931
54961413496110493970737772757260602792380802137147495888734852214979218508708
89768571774766311840756005830226831181703803733617219361782193969924469243562
91491319984306209590200921877240619372841760531648484610733269169888425082891
28781853162236818446568869541442633334830167796706060812255541446597473615563
15156604683655112247063982664979999444768205154124834744171144057438870571796
54687374777193137546662609813405741518480649879191794961655546408917388105554
92777654224009461769958932787732960708133827648569473657437377637844729003175
83556227510389719499643197336204593660099738602173407349943285942710594365417
90257116246139743996872916462806641690147772120295878803542964677104004308155
5788818652967195539176488325672061495602088503676187146569976633038104655147
57375047565158810819349001153117089854490312780287126500127565001671247109680
98534476887652708471347556370079201094994313638682388324025713578591449286180
60032860378752566206144518685311781944526541692251091539605518665024069153903
96366005459318828774604741747103913346768042304340884130911275212128096772783
8971422552775528316754882180773541196202220498164605363759379911017567242019
22369232429768542157059129198396521923630053608508280015228066182319567954981
15387161242595541308718256602289521248359884842390634085441586136279745326610
102757291049605173976967308811966199034329001354099980883517008702823974011515
49462989967258514349419045152676649592292834361400997944991142652583518734209
53155070254202493553237677812268216907051268436730254373113178969104318661506
108783468540145389956444538402936708268056679639655010954591890573840175869694
110989882952546944530880171123638220384134624547121713987962810990301659120179
115740256246183602123671748493724909486942093577390198833612725057018584559607
68289330310968220546281206452419059761101848586784171583635331491603484786314
31421203610654538032650776228773738754818408322205874991087009085153600146516
4303040868670888712165025498523690412212335945468817077429010404660027983967
97816394620154915914638729362978314191458222189124220378577769961748927422504
51159594124666433052951412238947725135459445505924673498736904925647125921224
48960920569557602778855943735346828765394676846784048816678418630651591512363
112913924267340710038633927502770780273277369354101293950045013953314048251490
258279683776056924693143515166639565608789520051402903640369217114615481183
35107130278928137402306539965675774259965206134918848652677872122907932002190
78472034710472004489469775555482082340302779531920665545048170399593141910906
19093099409227035366540338739884784766486348955656274409057215737723280346610
58027001456817669285643125423248316078893863359801619052302316388146115837875
37055217527545911412341311635282241377278996252281467164898745857786001046947
30909456171910549726276685741129567181873799006576632173779585905230577745111
16658264881024218439546957476465696213179363652265107812400924972216091664483
75630103399911128884693785804040229694970641009310440015858148791702591600121
71271746833695071284584455129499328453696875676188442205828148833887695056524
100746042175579939825683931679336272520299577199366223854910758953240768946889
83418599156646516046743188994306337013510068089918153371218344929310314060188
2446106412322836237367160933480950079032945083296974375796167419791607274310
72844292524740789510008785345795363179577864033785581440948289942054107050276
79616537241590178077080439017631480719269474821531208283668279671565234958810
42004016051432674583088745375087555660015990253517347485753845535236806877081
64932029452403748798420503485465990280642866899994678028268654731483502585264
61537028750151677314653714897722726666784700423591833561861420981780146379596
8076355754973746084732974848046395252853337000259288733506767067389487344215
111696592195444461716186556984054580980276244106258541347781745374376330320248
60758254581457715543624662984856237041839959970960182441466356371569081484469
36731276158232164002562465224019373020472140336895995768457970439781958539157
9249034235868580104783456600646724185345040957201574580084717861633033176448
83262622325496506753199740982260407749155955819356710242384397437025236134482
11890017260749329204019617387189218024962837751808766130623642963311530493175
13738228918729191720641657881571400632747985212714824394044519465482865557300
39952212115166843364161934709092443397521002162993705076644910597105560280873
114520863384977083854060431355235953667824619279512678676745027170143255254765
47747961117819371922814487072991115888053020226180243701470570694965431035558
46790928490069060789829712279639536217417920426702492919147404287039830489770
73756510534717589435326705162254539115651667898249778209819009210979358679366
38871942179266944586438273485793852607198992073716070722485975312664509095005
13838229584405996449253022432724279403751866047352003295120115045007023599384
79901552599711328503810655615204458101473984400221691874805716102332239083437
29928255571658844885146436989176975688802285498663226890797991538411502715050
43900754070262572388615797996434413349023718578594294069772128729407831405888
62553176102997459174259033055183727094278186234793995024804499139492981424976
101975524451912221634605751165237453269489886201632340644439830017881778681711
109730266106098587062900271126451458151501139035743016434388501540636358933977
46881858894516711824168643191040281106031135678801071068776501244369513157940
44061925596034324577501029998027141413138637555785599562857127350822382028682
82355560413766402831887108358965795658790864050712827165229226685573544657080
952222620565893976726984723659082376478962737343684769055439188097543188927
115550326394639238965260823310798996022398815058948784611274574624151001729364
28073061824175194540484946588224901719877413120293408852799091645539861029501
79439741871633281595690454708290591337695829505874882852564687726784280471536
107061799307406504198215700729175319827529481087447459197361979689885600789666
38911548100797422851744516841475693910504347998338788591369461852787257808806
53553212185951136323893479997355685069116336401756904396788904392064661125512
70070679273003834054820316706101343984733153222568858959387462124312103078625
111025507721071333512117005337149422833047398210467285119539783853794337971211
47569074365469491715953079068948346537821686781884982872172852436098901667647
109331978187565245894678530556162065524378414469305393109567474426429567789027
104264891333470937279966955996292412894717298011959061815851762910186463950480
79055002522981782133353402658831711656247746925439944457366573172697289581451
12074473128648736994689785984225694398707914270061747167512101126449537397242
48672137611991173972044481236375452936682588828395643209284516355835160690456
15126869803317266722260466161908717552547238794826692702481220807866571733044
24624789423999384787937366830160380545723900642655645273602047535830409871860
92606287211054365599608051716009514274947515714166868693282385125103401373692
3674944167413953692322568604479113889025415514157061201549302733301781489354
75528906069520703479678991252903179095940156991369257471427774478811057572747
68252393836104570807625755374943239807906857312381827502247787136202636451744
78934387213407796406180555592987352808030066888503006753691392430740811344436
98180547177707684819710633716596453147212071133639408622200572592084677984901
32739760324480406701146768670427597305446350466619632150187136736141698843135
74354320889264918215855533213085452729028666026677845006760105278730671747503
87351044082104347222774485330726076149873235087244427430266157041424886577371
53557291879540958069091097281741250774471762094037681873776450476706717721874
24842581111818248999454197957587574905887457703027734738980393024595705639854
104012603195685703096498459499403951362123477690149872149671598356925845883496
229854437599962151318584868512966474397319665459717849936233809050697734561
9106548084341613506912794537940052505989925711463413537766464743057167545301
99287114956348423441480232275655187931699359291129387095812284315177957284693
348104673167886332300127742432338822874454610819552178313764060769882401030
72960680508465780934460193484655175840446431162480268693050393260620801918969
705163862466510476856916397990169728449890107470390013986521171909350341349
2294434487140442284533882601541463416707064007649316416105925631697304623329
19151962404911240050597081439503399519776910546561756963768608721542792234897
16456155725249677182171106876471740937665030081815643510205899256889258472508
18009009158951955124990595092571262996539951599211622833561877886691086972180
105204376992383195747918190952922573037356079809523132423132451842689178251839
114165205727827765173852639905144007457769683065187058591542739164559835199362
86432355380305346916381205129251942417363695364112936949181504247428604173886
12118361478768109440773619512881901635942280427574327277642637919638846974467
8116784794780626886794293083355417567090455984259111096459455425185104266023
53633898410414151501924962290030930820820345876082652160663271823305926692466
59701859981564402991169357023334311161412222030717836645527060332056624472116
39968431584368360372675186578512159889801307858139582894004002415358220901417
88673335750138915775978090373016200799096825557112527410852783288360204456704
29185576046276719943707732847014985963215875846184645566608898571368942120185
88671443628760993422284409137058913171893561900860046806791713326998750378141
73901144651661772146941518280431216599269061876772671522058314399394493620624
40930456490790629361674828698246889305392979639270331820156307898156699693854
92263619547936833490134055218583908909684730689816338835485310592458476771531
111616293393642778975364816375594748124472554827930727253969110060351798180281
5725396016046500199520154405204576784631216873554417839712909240941923248634
90443180043409867178870504034379880620748887730525986779503139317397290035661
84206034329281124423645096814772024707743886445776082443212207102933975244900
74323039780735162933075066300546814126445709707613444621300471665390225006707
65444842139258342118439600160378839950173188130254128510717867210580964213846
33962544414847552167739406813772459491810834327683877334594680380911193944916
58004324577353206173891576710265289237185479885406041859059228278109943316151
56427660902272267916003039635797590558895496091666443454797735534651865914812
87192796392216085367882053142581596223304277569412674647445002688280031633240
76765764202619238150146976591405232176714395600151759135721490326624176568627
52920679295409710341391879127722495183945434058528557738990270667450200292340
29547306111163346808335621344544676729229982730455195361954065221388716670005
52492901689148004226138920724433906912754943118454915475845948449337901333595
16093357743314572984388333341684496417166280336944413474556672207129528445964
7667556465322446643202609018055992226181775524078871927359369734401262550759
42345689615189770272040989667050477074269068996435557308441954633805683473798
23715200927515719758617756860405320107487204134865389018574325426278634107635
74196074323557861002095796525954128072950223237490592216987314822544322754081
57513752960354550428256311572753614882721464226560207544928023459714066870232
65238147469024521738144261021108421505458381530702344156705973754604385953336
16992932762346278505223658336674579484458984917796544440020667361747849250636
19345577263541430412615453672366098685472333828704995078713095720702800084717
23659034164326143822965846864524006350625994977837899657283571837342507934420
83024459073492632470722191610393005122558632304629770605350160184488840154822
40905878112454752814343068147511847209424404741969889878111865645318068041081
56287927966224661398597357801033118345878517177417775719241836442764367654486
80703866316077612516919125745441272169332821356011812413751213895206085341386
47318746412022873395701361883098435100785275976044772031716215252304930517699
47044250750564781718259922326270989494611961490151584040459940233925973283471
43398032983122049173675942988031882366173050645319733815554947985141334403430
34580906428435285054655751454386076277625101184841408843194433656710201348804
36761289182628468430564883030168828392677039015224976958694804952067123581757
5151209256882941666893493379634428645590885213999463789624950806039782770406
64207542240310886978432271087407971839255494237816027728857215001308310436354
108277860133107771309551165903108684224086887137397838277069949067104299398801
103594715312424057470926556738002679190813141032160582954009132551959255426224
74169953909577830546546816260003913935895256654708352025171989082179619605626
104192394098498159661688956778438906633871402913221130255586092691027051395748
1819556683279304870422435515362643284504019932973408473319416372697503663772
103566808835338407662155961007476855033551120573374976777665134338361382966814
25570207349523718700005058549209592879013579642910727456585857456061849498702
53964206998191038076395725477474072255030780715250050312921800459340701501718
20896016366865967517631503808204759644386607742202181544528948476440679774792
45965298938000117893415738714368052574443809293137232887163335333007422343904
18766588815013471206848132445880201651319035713240187343920766279633958756838
89366799831420315170970823517564369586137471499857193765563908898495614038015
115120495133184823831118533404762267247729575315138198566569032103663210236100
21429367540479984318597943987851267888303136038447652937780877899561989252918
28972702014107630230057575420430120321086658291770937134237039446429912450429
26470389217097393162344020895258010290924717279958044489394681653560476626868
82222228503341584014156158061748018039568042482769022721929103578130564297906
40904539837646573229468228032500339061216992452835233966393867759599688859765
82719512289949484306057733199278558368441781205550526261857539120222862994221
30241902217266906080235236964172902634078474594045090457556698133514862330059
23560146160353077946067353083111268802790065649547116562653534522013668281520
45588685061687955602351055253229097591656612520137231599412021754897182482757
92575820855734151121523186080393579666741514413595307101279292288984542861009
77519473005826607463348345241553961831333891496516932383952054855132476944129
64831112192617034704832960562751271244469469691345499844984568156235569357765
3446814776917696484434535468270398832141749646937202661803526838393308673279
111774870871920697155079358794350587048225219072179679102350095482067634108940
56863633623642053276111020458488602583640805819998485584804940846661824061800
41428070321090132965678434449365675857773670352663709939198583793299016184974
66455075919107903280949666046159793543995787555606279779686236640242167450657
103684121614240679854174882850783963855593670136802123257123552207751240810625
69000613422670765493797229134084347713097959763775736591905079138759979683029
80138178885931133653609140409744314944353637566273192564192392266716706719466
24502744857725360310602500627001613155410759226065319038751338418182078430728
42705545253873298559005993527952561828919713878777851034653086527089932050596
22169103383885261339183209618396894463940506937149921712668330322447155739827
74269280187806382443617109621995999852124924925724915532444346162822086654867
4059419788425523622617943381109223768403771203231629297933962829975066296314
79042363945401757951261955712822447736402479781585423758645873589203897490964
5872524340032184369757748674307713615653164303783034848904581354087405357300
79045231161725870758913456707501975557832850474736214083410787338649033600262
5571821479116843623782177411351565871044318656532830570371794886749468266673
33659013916849711233554292106989492476390090997064983017156713811504339428009
2578155352197130249419918643742903856293080165069878205759610882932825153386
104320552006326558260874776729868776620673412708895229458413923243836669066364
23911189146031662618183100931104378113535282342975018728378042749920747264321
682440069222510938311265507905368155726866348011382528915911706450387025503
62307224445834192944469383732038448196312014622734715322065533538165363871681
106935219533154315252437092013544161110701074650520056579841626671757980669334
78409754825630234683609436826907503147217227970565586865231267188077035995978
34942383394134259597765271228833483076975566946926898084534802512823058386466
1372627983201617155926992909854141304760810473184133753594182134631997296931
51806461205740542295872784101349085181884330774049395224291799621891150393845
25084732329507312410621450482161924038944848408576424189724370051619574223851
109177050964076083297045995601515844911157559116442520930206834525631266235527
65888455013081193844022331802488278038807103077656903107631300880536088350272
109170507071045167196682925807149126331575097193845087179060568474580186544426
80446738341347248739895387014738856888521734663514857654082185505091043981902
88618267698659870588377561881138010961930593129388641493550754424828682511846
31607308786615788709524780157665147870038841337262448150378639915577989013077
47142109456642913106868062639984255648993555571442343844558013803830745105142
50023995164256012473514234783581532147031514324976617546263017755068395217758
21489205528462394094655543664809740706072161193739857349806197884068844431488
6438915282589056166428569147691382272233652444039000745163062824206621451740
54389221782864822656100506245319834568488697583346290217035480799492797177308
61192368213846182338112713112526791936339288041414368867713848764868587357028
108186840309085432270611546299893972290177583871563301983598402136440213852097
54840514833142671639470808662519642565527657421010288040730023877148309300191
85442096759766580146643859958520347213647738897377361546054645300221291356340
83483995974645140592501598212234876667969453823024854145548759879979825484327
109793391820719857564219792355575640696977184235112415651260357682959249762206
113425052159979696365504777182674277295847928423497849684368165999376756015754
30447110662408098775151734909261270012112111478576845451280323328673467907616
67307908603120882792728173391904022934762848985007219725246764416810197235813
113164994419113823876791114250905164988428045130534960400227770121249043377590
33386567914373042795152814539713084763547956358612942870239359838987244051439
15461281325587709378127679082305124608474202947460561827285645468764959960368
65566361421042007478704608013781165061579836160285352794487991517298397896296
72247800666281307273057237773686212240631111083131786227653633728585432310504
66159572793759172533327124242506614802852320269818089130583083609702296042071
14342944473810481518095102522083767618070327639098398271441990582018047886345
88700566914339764769303844844593509880746737612390587556449282872824600914595
28367544205726344974994544032260123493914464949418602220416871856502327639373
84909203812358715961674752205477652714794809018575405537036775637594727476658
58999445527855910869271232543313198063035446203821453195445486992290603425690
66496305851390901321378631392924173808327812221261483629111001115548273907885
88777255323185933528324018071003649359129630304261570813001465757090943485928
37234589374289375582575165483425110771816973311443592460276537733341754949931
9893693364392414865036619662057705387169934210352288650313429015430616050918
49149724536267026945252798423381992544761696137324805077048581392669321788899
2595676247484309622253197260827144255650617588596126003799994323218255786389
77890949264962520276366283546547652756162229910034768920095118715932302675646
30203363553074575816609460607920977503964784221758777475806988796006094754547
73788864245135779626047559408472253674765165930243167742761365037866546230140
33464123662696595446639128929917891842249728081779691244862198023320105904360
19369953531122030572814826914224795435423591804432080313985071420445901876716
115108571177004611691562834695933962878545445010475602129141998345163755201087
41718689685707185549238719115848154515759266031216944605012751288982135309564
26532002917341531463244633504772003545980905000541515389061479632540000813483
15460040965572748364311218442323351955093489601355427091654726488214474923004
38194817500607384697359125103860941635491691142271241755327231016688006993152
36780732425980630332257018159325761964530648710983950323624303178847728656149
48816704433485394902848440004523895968494640033073636036355707751317330609557
33444025954866665874465286636819876436547106995010924968458234182436125534689
86021025865839970230128117412856662639568472410754505951719741110488666865268
46669999518271819950765031124209445224833197816357436238002181698020678136076
48081251622087666478381088615285681453439523303727019322026449331902163523328
21780814580479825241529306152191410089044361819571977551985968701011677188653
26849335941364122482615592047819023256390735220091063922330918943566075711030
1218203386492276942364556496077092240272988114555019648452482777613946960669
68034808917094105601550798684903025146558650585559923788600064268833622760799
51495671186972013592878653146902402218200246445742131497308741767067768656158
81174180465489759253136938570123023597870775642090234310723290078939486733211
104040262711869802934113653591202933781134713270840158747525149864260552485524
96835629407658088989215731673878154067596155905774896057588770452797720046174
69390121824879483851329044646603105268636897799652837993806903672771731367280
60454733529796745613416714883173770659054552795851995600745013762236427040961
95550760625495397133823080169469041788935435825557906301888357141110612825323
90907396864293068840518826546334038556310590977489852512157789945424460636374
59548119580955337831865542218605064353916776043078201012145256800723584786189
66678592453017967509598428164357663216700694777359846368369576268038153414593
84528534192169333304934376007196583057115330809296475226941595683922933281839
72957429516625638498289870997836189050312177213355937365788204019451416644321
13058940092910252410072251621450659021588527214955956238865668700393179535836
22162551151332488685962395587843977547204482527029844913200962237615947435293
113948474333442334600478396769778684956477123090848296967796011879865149191626
767389429120651847232141430107037006087410559324524711088865343985902260281
74475363308696406905032882939211783589581741388907995511624505152049855326455
43260142548597622173223545107416432002268858218721667153958707209956576385726
29655210854164276033317220093867772459861143845388207509697251788871855424949
69087031086083063367073871794748146689804148269127802597999773746899364408167
108871122198144364105740057961863003230344670722715517218848023963782785191538
1873520483563064341323013906241043260986834479432626952283250367358257491182
20396010803605929434025079437533121606525171977066666831281721971278772073711
113878424329309714947811787195762871684252317340118905264632070985769634922956
108073622099691235734606169734964669640734159261378995174736610750824330244042
27186861092061053313344406117525801818465350301538143372884567945584815629118
87272274321185362230105895157299117984146592416817359503725189962718797981445
98459804857724304400682770136390962747594204905482497473615094466762392069866
89232897657188622957563122464470600758114438433980983232036305232086697933500
108152190107964480752630643498679938723418803447317419277827304675164313426149
27463412098814693603457099118821829498861915933426537013340383243901179687983
6536026276630400681652410532555004751392103869353037689803053815645764649918
26684920137548700496719082591536393754977513762591229972930878142649083642353
10285548766636172582880301748537727452173286598622940316322342199745435171010
60524517513254160682390610789284382469406897244136696761640966463029431125500
111278220224867555071119394790067640328004945329911332529424320538351139193230
16419450615254095223638237601539031696749870490706207397037948195153753330334
8576159807769106464387939166643188281576156986610608414201928795803504671991
6460112336328259116857349574047605639145176879397477939636978768897934130959
20498048005029597899565428779808882221857984401793655540637700971532254459248
75360659016859610275699097042512790836069646259040693032309016308939589005854
97533661373745044834407494626140047763772707116629984735879184336393912882977
63792829388362289780955999785692689426592493504839595660253389846253594791232
48803554580985867477629002430066106882166168664509171752430469557923851752605
30797732340734904958211960876393025491227800363450124035825735575180827983302
81452953569151449257884794073713210248190058381429124357841406574963289006940
71333508913783076344307411580714504869968701750284322496753322745722872246469
92000298904157304607653390316656040475388583322072447722066533624154754085956
7400694819268798875065899718796564075203126770900533672466784221673747356154
11509684850918373144832527626444575649779861026094537029309667555506328711365
56488318929466189584697997065715541084823562675370074806557478878319316555038
55604060130661255814337269607172683617510838726754169085072906734899589571726
72823035817576387285046094861298785334045336155579385862230317420862937657721
72597583691726434054977732757541392132008572384181788556140848347605646289482
58582723719644802060087295453387762749808064226640812314608545985245481435993
31442368756793106465971611251254728723236104564560592357316256358765614088375
56294491120119389950218788869012588776625091118808797929953925127958569663080
82022038370613614698728523355248801284393402289283877071093077578365014355001
38333607467789330495443192371263215780750600593331897445383395768953427314558
108830162738790529685772988185995274117578697304770520171265970757016794117838
52163641757891622353312533252089328639256119589452541633004870445055895722188
32446015116795604794502669775302078972986012322819664417483339511868921322513
99122081834086475963043452280102059375077026199273355543851004085567532449224
43158700533769965318466709576328100816895256524333805422954586072821881022299
49899032766497356483817794131551151591309573507967055375338013251769606315881
112545906945851889590380460647653235928434985621307175200662164648261738237593
9802637627801087532692642188015145479916756437118672454104236685084168368317
90203785787118872018694595517975466545687938666187186211020745208770486514373
54353506676775316306083963500946616864575342640948831826861510453354095805222
74785487910355694126037926739879750260684581151102688570237397602850549116591
35816940863799127366594043606892617445158647119745811714467925810285743262981
26587265787318518169462311264893152136486597422298146324984655085247424733916
98617627711125279778383638692714663091668136803988528428225232988344051132036
90386482803096633814465445190575581651899343947847974115035887601551650165041
22394279312144223318509423451949516634441228804058621198803392489645671252050
50852240796450740695005129176323214258484807344487809929931081197108397996047
83869485323529601696308672919061615713187559983680479618340987811731584032344
31799541818463867081667086379500694946519858635917486388210292527039830358433
71145442327867626684483512901143648723469516328479541045387889197926009757171
104700150580529255500118396132918343371093779701912450224672583802191551077395
105754537982018166453737643468547595789220726774511719135234179473155572704776
99599589612887401327320100094001282420672019215109829952782093479649858628877
32931641780555220944976668236958317772065690523124500117915053568580728883359
31704392226633549324666378766740296845332035741370103033830988170883885979441
112099980923842511020911186493276648577290405769282196150216441888832329913292
67020118411816889502029286902518426529228449696894109444709936255668483262211
79882764438277520266467692629369409358934547140484599738099482073420264975417
47534703198544839480944751916605957195734380870239900339177339501951392354028
57289383646601294755934077156536577386811276659622340803510039394487970658137
25032521379174739824640462353525192710508318377130274283642640405427295151061
43058015682843022406369161902609012750320317251073223090305405020357283562723
74442520025110008557334506145695042286941410452858640015077772508713256262733
57367094477483197743823246173689061343306994866204191049545228563562745715162
43677854467996664348270495465134888737645154992203040028558876383223489601505
97861755534921747107646690786438556876201993832377520180062264758295063503267
112311303478308460900058211999879187711100410794907706892259300873716879716644
65060365980196798402920189738978221312059234790309193015119477014009115060242
114626515347711358133803252024213098552949899035531560986046313015088161744799
3710470391203253622669145413819448699582620890832053479240453416434168887555
9300125855383189234854801549044834267544319175485613682487292085848913218525
6144005165839565294876767910754573857529195580101753602968453553078792830160
12125169805471909695575491943768436078497784612117365038023204883062743680521
