72734867580191424973320166087034019624125944212630532006976569867219194193759
54924116517091423855755263361251489524560951520097109877870193193615220062467
57275704442379391068831584953989496115802321727804660562775158941180323257011
65398588218782573598117093745338274814883677111193585823426720213350859921976
102222976040904213282078129364712009465445394113547775052739310350775909336880
86196223953975252749767498348468815908784205789441782705488008282764984570974
72230933552642228330515619755291347033208378863115304971830870492777349366126
101687477519731140615935321224819568917910775688358831902880014027182392150166
33272322709069425825768528242697702259131314962268882586788851455734848001486
13497502608994544913167483700292280941791328547889047721577812592028615279798
20326369773105710867712285439415495823208090930759031712027236224494508677599
51840786692878042298777567317910719419109305780887819425151064760968718334972
104228588165542276909121509491382066046105798021287635791907628397019486803566
52296811144936220919093887744348006972097943605883257065307128216794953786055
51154587194278274434661686557611535502891020042138428519047887172557030295801
90521653417645784063441355973511669123786667709590136008053362983733961848441
73195049342722620289574601859365806165806363867909268599592794770126626601661
48412963275767287103601998100923155948294379680344555463348282188998747705764
89908089337451234990257055456060806108168303411849224444456436101692876023008
108253461152259607670105439274805777946367684877103074057897125927518116348417
112990854688478089727048585151962856458219561410195201929071086171693241931258
54510846249717818004818707231888430658370805862024405935750297486058501954808
98260935312421026714440179609441619090793938412824007596022340138290008852399
109318832558476018044658912759473617736023162247501429315607415598047449900085
60475270794190082550824366268587252858310049397462671297580910798717775788451
112007446475885135182565943181659709694835936715400782779791582681894428971377
46722184867372074584536233577120415928918234067175025741971045155370662196262
84931747449656243963816144841959220854866508613851605139172361564351375310455
101569353841087122910398386007314280031452460239074050069575561739649808296536
109033446379478990908242427630121272454985416007091074407538212495278354838112
25083091818917611178463611079403382091368661401734918433199635965498948062025
67343368311272776866207277852045561017775137243134984809906699579567370805633
12391593202191545420887982402935118006713886580428270281086017708645531814659
71547049867991411476719407547174627844535213415076120616062539082066340480933
65479474003303570124875236146344362413391515930384404347273916184789242996313
83429051270883985895500370124103432076629266796428266898558575074763704950965
4497885449606479544859794430397334756925484597963991843699921501511341278991
52437298311312426976321669003483688459269549900739130051100513614652082428244
34985664037817500803362623363127862035363557240015697469732564475615609280863
12982964861753717742679125836684253256944635096074333024427424633990075203900
60293390825704929786041689155158284730850854373134792541232923582808313271019
82907702423305264573419426843949791453169720833767995784077424846709408023451
51383592124729141279596314056035491232317708490665848981828774167652512447060
29649485031119741952837631402106914617654425206967514852259960961067788650067
27160989217773578131773480081302958473816813885986385516525021990158878807947
87621939770306851011980619909738241542937340886790539039418856286371636699967
45119539209333497869462030049334585548154625929875835622524538745636628955895
4219281393055851558874855680338093788476457683660925708830042393742179691129
63222861952034253557658388624361350682186408203497970081531512496253050165829
61596558582626765594762715023112176510203512832617917929852061606272133246605
4362922077458534673192450564132634551317197874343164709718915139819412181603
35759252459681988929834464153991862943332868950249877603840620181249118060988
108723751485975996603032320078867731351312638282397382881770600112870711692112
53021218581845962546886150911386350011263714627045673465009096928339375182031
109055506853276357167142798974983640523588004718861994162963966992023338522345
22917504404710555450023075634760579713886358164066133044060199971995487626759
58500720358000841057103286287458526415793525903122163226321981878794487002177
28271245816835657650608676311135034175713761505929262232708797714436711671090
22662774131366663859177442748561712957434114204226784172614639005616445270971
81565783948038266989539884613893714791649786696010531326794845459101013539768
98410685400739214007292576141710385324637051680334514664564887020304788163011
93048694510747250040993503076621402718502042188822552832315117334184389526166
27609816042814882582109326209999492135960028315374914257163080550401914082933
110892380695961746495432337989748377953906124037434882311320736549204259270052
114049125961995718843757534163646830062131997152518916780658038519465899677885
94110209397014278779290973884816206250535529112030884228949307330553557084492
15140995691157700119738941864757681837545792153500603982259921566312339825265
18362916720037418450334146171562930216827183274584984381641961696400950034545
73651367280492188163703538752829459936325041629394278372027408593620379234460
70399505467754454730393113208477177589311806982011760321466092806726436016756
88418285378873587589161771911233741683966436691808453699600465511141971589113
27439973692469426126203377946151342847487844094616749120776039499411657287513
19501265888755057011489422600893034653274325650643455587254025840575741151693
16641531994254122896486758840109927474754972224859982325234562582745948596821
11996344282048479765061359619304590015206585450555787149346575229412357852230
3779285877596836338195033389377360010371936720508313527722340942745198977152
114308868297841993116890318807581661163465846018493992445601170093677350801906
10672476717374794442423278540871330994793918564820662340928197372827346746883
7051218732815855959126347600136908655048960431604041626743267902761023013869
52137262864614901991195660129877567428424127174314494474352223143439637988389
7422539494422202971877345664181098744583465398766896221925607471526821696126
36599760790632588314377954414757118887214886670080597782089614280152693346117
82292247575752088855002764782594420114125795326527057347088157423418519777714
77862392385218096353855118769945458180603372208374076819357702662968110817334
55541287701162560651829398480582812920714333231631034421919113291555417086211
35371254206603595146014828867445863374243245146788346545512165538049840844035
1261713624741662630354863574528541138102954986492884634391492619771768326744
14460380226693601199892352772126438374120352753943845770778931501101621530849
91994788933663020939787000078473492981064400858179821052902860179770354562135
29987341304519927718732843146881029230903007849416266914041202376850473773189
54125592622709878327656553729096638712739301447856116732078345072665053294260
37503032967938776522970778618694197484563583118550831723420910539290388527791
100497780870188919011020146760276946407642716205946819353072045600488162601167
94387466986852374861447110651958063571946576334812620930571688875888683642916
100898205784830698069754849559353387393746444770807610904961324057412037860518
38954180954410159273038162896570975152069029804522520435689712294793953676367
41207508359775411056266065143226815752097512116869654779982584834527424303049
87298379788215975981718637336211060881193960990647861856744895133851729150282
113646745448314151026446811337021006767573985091676650218971493577745523915835
47946391991337776725897652574097547947918734629921913295676591612246816537357
92425664044378695960253352483549688679820848315409379225226257822908735089508
98414352871396158171174250200230217444275065155692850158837936171898907099631
14314932337742375985450878914233857076414408841516368938851263402845968528903
42157417528208855719360707767542832421313221305746927688427291479601220250166
74613217744744609476168839094642985010267961737176395274066946026717031163112
16353994698553656177142476446838631117249466716184652398524114239704056267849
44852450037700608343477371739130120148540464422121688044014920246126212061988
97861059222806706197064167154781286676828236133445481936045684034547116643465
55642705556480397912496759191630202604729882422801043434395229558826348545876
101775396543113592912230696991960777308674182194610065642817780624919362153714
61226612296925550719524403752997936363488028774059713477702909433500435475191
84090249757281149992688443382306765880544737990808341010491413934349746503972
62115392257548180229678057854230187096304635006495251075309509306893187126739
110465453440039584453504346418478555283211393793601534636643065075780487418525
95165666781674328990149845359694924272402513448058386873859660945416493336444
76593120218687653646172944350454519225357922844430425064828294822578776625053
108679421223552569571861497062708939986632333324827369050930503319476556392286
11256744933518186193292911003362640418773245225906925829136896345278832242902
83802959556586050907634386679151923306525194632589579628056453162644056390403
698794839085940810462439933765845812430267728279051637392860677514514955015
18649229160247003148684490665245498586635734978476065232037391333620914013732
6219800949685247364759435380670795019610344907139619790273912913070038954354
51700102034735609220572851293465912461591711035488832657015919034919216774212
66223097188799811375708207027999571753370461341192944587755801580042455431752
85129133611057133424771055307028871165874890587245434841275882520174552722989
63118059190650474580190519920417033058072529405718669914010416205884308799233
76249143854986458314876030658359760420566788122223873811416075425833311390426
85385651729370138405801159050916370987953178723744202520292099429484347369386
13276220072013995835733077558693032148590574313580497742986638171184062308405
114725267998759857261678120828302908177364423576142858603683331450769399190065
114927909086027454212909075165050975267667773602452714647127075221572328260361
67084232935678261066324892636255863901384934209124747198589549209851652994417
98942998042268019316254723071286506805456204646647122794386564963147515027415
76915271728086329332492087658193141452834469139527195600272489499888206932008
10893293873758226836680159977739241032626224046233572568049305514933822805725
2799438297174109584792998022815918927694227391355820347544893494046355986717
12751753386803218564056131262781370404254008902997995413625172489010926295545
38247954499192498097315102896984556444909518819592464464452793783975751357380
82118667718983173827876495488756944873401573405834818819650537257452060655786
99680485338073897257301710269763859372719229610789144185335826545735871556068
88010513354789902077507791660034141075211375782592375217922659145281375277636
100319262945028074415238824113425660865741010715679034285642446588905629039333
47023899571205522414753817221617582998300351515135372598264207289633047072370
42412047225240430369054208586181733394913995469590507384901275567090731990989
26665437145468033852138531645009153331205701261919036025178282046721187581983
93792691415915096413217320703774477762650946151522389091260588654262742884695
39293463767843993406281063936684196540448282838670187303109655487237556132160
33151418743398465382482522473736992675685473755497323975292416678618222213705
102976052207585079913017349116509601572319481925273911101196600170503080664905
7963988651790656759789249156282536547019440810840935665815090471478242184618
73431959506947041829786137195081372073935214375576395350976948843126712766463
37763911687136556070648042482623548983537982805433120179233439949565524156941
71985484897329289177244851314281519591632867470057493849561423580278838646783
82784283155175830354373128858919278509025392330739573726593035004764855321598
28511164963490282801660329879003096452416658975805205483987048888595740754510
58094050328979274553730384939104995062276406765871418130527878152460974282713
110293486494010033333887451553931357777766996233484775513885909055819717344524
16220561016752229945106603260730150213740319268016579162308070340975703377644
59535709863396444105631828518975156108201230932190399622637277133626904904788
57854785654381669802578767441801494013491099107511021789084791350188894027200
108223427721086138916484440024776090193699263553445156600461051839859518122756
22439056847804127076716219209809363097246001235239350996658254527522534752416
88220963843490517553379429444561423073465204537097892409007367110863810809750
32394847215514693890436439041858088527710007064181359075188100684774856631802
14535526055608581732250467951394335325268338125370408431691695900471332157732
34975579156334741714209808451924534906608906829883256833268905947717010527165
85236722449885257059045625436043418128773833601804552327785544490045457998864
77032478739088078212965949396923931580939345667748572862050269741374192972044
43006340901840033086102091970095210583711237475571881087235870330366909198734
3140996157486758754502129318087186717627907230880039505640331648817252956296
37375287247333913655306135906801032312236782985433936958581741406163225396309
72683884121446725088631147454828882923281796816865293765102209143794701788522
75261454062492559717219962369818894747618765017603154775418611435032829015548
48109880956840164426850930106688251549474668572374034694802729731380227883209
98400360089994759784099206740895009765458802398695644076028981712561348605754
86109864060458448492151565075869002281568645532168138778254175758223676640559
88533463337489730757207918744416069937747126726527446254895668587145636330024
95440389368733078814306088045158085118579994597013195244062662006421717943250
32220315324844690182057183413243921221129918110124809606335545838258319698334
3745953072039642565503973150886476620362813325327887889960890008603356410774
9707030967756235584391475973004202735048793620829598905733054271198151556314
110532699729003674642933066131736402948571725345795070887096899297936853942542
71511030423763787389031533155724328486839815276916534342637680637758126975376
98254394719795944936219377317944295145034672835876507670818423612878088672923
3594239255424760178426728346437984710314902194335174207773561764371734771238
18523935386741727477182235272773055653620963796126463134225827728294987509246
4293530762024066110593575650223574242723938677572124801925010063646176328350
44535000127595199612163409998414297597747588892233958237691505365041662929683
100759300591249271001743537248762604397521090509188832877973442733259696700405
25837565559205897655772569016096042310735729286575692249345554593680230385692
19835016316052836141626719129366401374945558461328051558269627764479518118084
61597645739599763705062425400654288656087009450351823243529461977980102537233
109201658201945823473829822651527325261245054973064521155412158724775791392727
71939464140769765040271364012416430676623367823997676170570668610481756857021
54915492740405964756893217027930923210079535798965071531069745506164438791940
69028086165586485090180362163883249415378575560574466895175759586602384255749
45548690011537638727441349910346898612478342650907536076614857976106428571259
7435427911818926150614128146707540169496765677436098265458604664156108131879
10108692769854020019588192272820717530386206372887166511288974886208837883328
25821095066419146488806425564794940060289718391612196846001038299046767613239
26290580703102242333785908566701723527589999084840800674974519602406072579428
5505711168000047309549944669789344558939075465465156014510920937258697829331
82982422103677111253821302805898083374116889837844315334665019162109075648656
26567290927101206455641395657871793134545234671551757628189996950074731605975
65272922357626624115580567974050151624846495428238425411160368103028862267321
25096055123574780207879752488391447845456904575018289836412674352334416013693
34805251035129245967935032786757328974016803469505800392037268908378431705654
110446378176047689738062971780049725329689860269774105907127471966040484852712
105955370214950404726222811718831809557762321469923147443759002834341163356016
71017116052742596598793463664736127351163673098980476490025888765329916642825
107476589148219505085154306838220791876486950987594669231895863439375609951315
26394970130868622436202008557071667936689388065839769428195193751135966555864
109269196693271855406621918035921165181004404661319222401139127510874574366966
88801185543998542508889224265636245703423466270271956738880063824468501937145
100256573207025702530579826514233610599217333174775121041280297123252908670645
49284624627445682186624415246297147745391908429113609616594382750705760090920
97671324082300784483779364697654255789975485281364461995421576857703895729789
26078101679450801487471105591635039612688688617401172477729786979836287794857
7642510831392018398973499619137219280174415964196331591236154258793603364628
45320217165300222968981427227927497890623390993427878042167020621134246038080
24658367676978016210279361069554040306955926322488009788005741064815565441347
62772689467536717147516591286984547595684482279126360983770254670317808327586
35873706346813066862750756745623828554824289897441772756142106523216304225909
14852570164696475874172160281181041032049637234932800851338275437837564579263
84803910428801636085556663122751973859540622464052747868265859151423205454692
58009948454420277603280459883685657316130398038570753693437907515794734074706
68011121428459622041742756974449716315506738138977964634510350970262664362580
24810595887809847521471435821826552249863486851217880445825961791993206569135
99842632365701460344548388666015351433218684131805112677189402820606688391899
77541150042467659626862311313950614045533405370175549061517587954026882704380
95809856104442458609512839395712055337255647660474287594775116523302106415746
93014542283244521557757561693579795793898900662735921028328762069312805414637
48919099115027011787548333688648000882779401066773057648845427532714114133810
29288209444532853749096049860558178628769345992716871536397598895736287596179
62192097120646997857155797910687344650340323980061876273475117644539105903704
67822330028258639050952970360098556332677729952937254887872889283639845498875
13124437197920052654396347290687099190648475411088515450359528783295859323959
20866960618047500201876988964667792943792945659145580123114960300734979481358
43735723095256883733183595497863171574815824441882039822025983301732692494567
35132340359078973444944188343862163433080309930741366306576547247240645285181
20555520750277349351006117028701899843861556349442728589156352517975851329064
69958587137979850325345951461264010386545008602449252093842255599837251214538
63629652112107405092571254106181490971750242428445674360502129123677397809710
59553473410258319862610402467629635945100948244551417180057396075360062164180
74649937580170711472259595856119971529502229927722002091875237579406039630413
96799617992359002582197127617938874298233395147776895061154433855419077326612
64765874790134060266550788335435105507313767895126836831630150784918359671290
23245662978880322114336842425334808488605484772801269768583611149887702103023
77392784793794032768611471620027215875206743378894752044949354817013044924038
66782394889602654788768842734823547948877653703424457068204503636386474841359
107399015480089949604150186935142465481326729930488087931547535284608999976799
56213731321275067392318093979411535639204672458998726088118043219387217690708
34655672405297992308873188656345183074443233021322903501578225647415279775130
69392638392237823710336758330321501789801684222800949469575345220626482643777
31955480238733557156383986046277221535081178938286123346947852499770685308071
4813466497454207981857572979012544413300684997389353768151948524951075976197
64415478229411014097667361558738332172851464635678670543338323832146894166764
54124648739285878989208003091315711165923419415115210825103498391425210198757
59469876811209847428930787404590291530179915932856220871044120268609377885764
108713584899893175569204823506867183254587931025530650926584996582551222424453
8319132738706804697487465210201807836525382484228331369203717742615493150270
69225637258315425206683118333202089148205828876768794488929756128174209260854
3467082655472565361079725528060725050920556219848803239829031906863823233895
56948375427030897596182056597327760846664457144136580436151342223665268658974
5017363180170052747061576243657450683182890106673778658261407286193720817663
74657710625348935926312019060210294857876266118728068839580754258556004500306
60496039414519120957749867336427871252051732102222330778018043135531707416977
32843222629284270427130523753336179729344600847743269983802640446812862190680
60631820931901074048945833884865068573646587786634645181565874292074498024749
81642261658980021343087886680790843472344202560524650567746549334527239721846
39859153929783000886324401514850396174936112755905765507882979551131139332718
112818429177527529155506486068454197341921175193267542699969255800310987219954
51809752719239119727834931732253186490699049541893508688041885483634565338991
112558756042607640340422541277926765136599635911125533475766557909592372671125
87474609948202014230236554624379117840261681191224396595934857055465846126091
8550555776369049043419799529755777930475780143030382174869966593161413388989
7149963013055202834774060121132548778594261865671884207441922899941840242448
8735654129769543091681784389297267858209906119853981577792767332597849606663
30829195014672676796061288913393015000456702781621619197533563206402907457239
40339359312320623847602634711953375462847543015195692289442829273724072260825
103264022556177457144045880165475525019580498685112681889732745168450675524707
94138581288951960200021463083657571876999981604427936245609637845026418881487
57681934346870528768639285037133010230995684401310860398659223536467789347090
87525115640514230585992471907217834564470969300165405322001444922270915768007
43680451503517272220809111250802175883718386482577754439169879460498175764157
19211554525795767233475488332697853940710070550224471425903040041160047097666
51123259065050495124659537960796336363283344386668745865475689848186959452837
51187060921369847820839779037754886110677545673353275098956028207017149196654
35160226751031682389314586714229116732474762807465664699813746577588399694816
74189363674100807486206323591447052845161843736522299997931158704028809005377
67656055425296299007202625458788236789311528086738978036024330258955365657217
12944039544623051054736601940092305497508884344212638110940078156806025703994
29299667457938590862773434238981038306658250220864286635600900494599864009431
115472838848197121224211153070891576821341409448383410764494061228723192973676
72943010203148605934291620496883222186034195633370702798177730973345333558967
45581730351343342723124272066792468809869942755492345394610483526059419766537
81610632638282581348801183462702840835640211934429098630549195511993171432059
92304542706816801799499828895945283355910129490038627549748754382279238395838
47854647759867276494683487214818865987208437975845420397067213815189424314314
14557826058376552732244815637226757102546210431387833478122725560227257253530
41791336300547117684697372717009453800869209968407727801157428535439767288855
27747385268428862989519434854122049682493250926327393354793229110885610593655
38269165656944223349047332860691293130148242747092583197239478268544222538986
97922340245785117342319241524090511548658924071112219874710415451511740889017
90080440082741423296630299408109913261697374973595071745953995782611238373162
76098986987684557591297447070142866370573089241780202862315860026255195104389
79224058681637449768335432989081615632063019243522090531705070590156578423360
23420504875246344544449403884294723924861714951163284771039251427875105335258
81552078085913403917522953362405047345001642669381884206456890510294225027653
19405109552603217407623265058153044423020836448320748298332186091487064099256
59543379685934808768302784668672962885774108735784457683219726078401125932878
96387472018589364864687563001909689849843001617475762592712255492078118793902
76100561180913945695703089399278714855546582035944040105043774492660609326527
80541072031647936172617597364783422761549019570274092584241206436620439534906
74349475525295795602092780178238737299158895990556740926420788424523668396291
58138398868628382802728291309896870255419415086547633575660251405905610069607
115482493377457118230801579764978712362318296617859546975784296120943077785928
105548291101032646466997854736599714991322163862993102129397637604165026602030
87633590342547843018450278466406557491432910779422801723362040971260101998577
39544691438622137229028672005077112991656243072426151544935056843002028637567
8630063993329366842526509201540490776015810258764365636782099127768630062430
55162847449360922276222710615792058391093943093600689848600324095927787277562
32797347241711924127571630756384998599405826569447478395790383583585158685625
109995365323039838930524182067698699943476063394025149267537747044358589262459
46309866548501119489962077986559558647556606324007855485975905460928861280841
51995214614854514458935299183032923652650217009479539554901271755864430825993
51557283710884399782527004655349804604985680627396077035556507121942252610918
78177518892636996622416624228705594373003750307521311176481988699601590104819
112841129641029053014706277959480984968101207573040637024352071341156690134331
7874764578188562521939767401821157551517157701257534123932412268649760504542
8720137109208754143904854305166737282260031749357532879719557838024232126061
52112995113092530626786070370902624037273920672597878564809247865077305106831
29084616797430368986814594496941487938962503647488362061629193317943778014680
99816820838116750111201750009848298353014137587298854710369625841348378661914
63797167769443290064545289163151457391818627562083337908078230649768987195906
26104495947226178881646373792931032903116414472277773524729123118627777498033
83955955354843658982820118660369887185816400438221146048632401077005179817223
95830290371659763243520879588342414321077003284895907125564031175493914338130
111260787378568865180075448299485653730433087861228114720697773815831505713737
50982991510958212056991131923618786506878354049871017460205777507953958042928
78058973177763640873120040537845165680636501554069525050908782675977806945735
65631412340184916791057392516538268506741508632451014709354669355613002339702
29082791720616387616366839048355165982945670732181990364094407547918434651763
106706874459453949390830006653860952645840831907439328517478961707072357310767
91632439643630296837259084498816715078570549538098208347468971695182192060651
30800103836742108797661377629712816116257281571025878376407365100574067839217
107987400703028323730714422271841914401102186466193246765013898062433274101131
110041165996599793872103679600797729720783679494584524959658590850421127825059
75795485069595215863395920407562888646840778776289656423861209419223776289640
20080712294506177441059301786367152970801111995690443945279145951289919836289
50662126603746504301873504448936815682732351270847630658865584958018253763112
17968838821553000464953063963410253265811074283721051097431486728851042470055
65937207904102070728751170043519660029519688375686848870113479502368857209991
49045662506740965563773148929218438119418123709688083781070842131797489525339
113716823279084222769791727890911276084335983276812625906720443171197193139169
79695225229484898122883242625623188779061493550345708681064583304535305214656
79370153791490556057974541831329014770811832977603970166530710662196078007110
64378487653596540121254175041225665382006322557484697177054585522382015168116
24897367388282394970540109375209634915538570554139755286025762696676816145611
56782882032258806681353759466635037033889896040246384187667788295587230670060
71326089727590431441254972499909453520477006932840979581202389909334796053764
5922771548938873507810808861389039498809211724504877390802063062703708646632
47859890890083452831000158473732230748103290418111253921493385305999972266487
35234459936001434951910390499598611168556349327135198350994010234001808368970
29932789288001065748939195241526071073380253630256029763357983060418125241021
105443321065896487666461691125575261533962124395903009834153082611001221827966
18188731889976870177121563121284278738203508428425356310532402950858586595144
87712864559731604697558842454779397714309429513119423394139905654767035732775
39542962823359308023756511606396899969631833373946521790660716666758770516523
110108298303958005489195347053223468347075693835155125944273222867131947422162
3468887130574995056231308067679533464875409669334975383905026498290197058412
86498510634884616482824080006961668622617702438877552305151824128326691483845
78169637367000793056591304866389309769856933057515518169273609583078661055335
64727687802826894719426645030833164200543269080333350019372187839900033253274
13383104811111274383921229320614355420102193603186666244985424379057037938251
56118651347285324790936016288464008659893134196227148856946011139058513617121
66576046414105997224979323893236957358038491604607258475835230987445842502187
101739842459131346931522138213105818542156790026490818313735062226653803288065
91279775566449843068646388042318714976752372102663923450595222322189693100258
45494269085982207669486284778913725733573394047082697028018545209594873211497
101878285136816459528076678831986063272059932297599804084727454339109443920952
57251090811855204523035388715353148947088278055912995202442394267730913337863
101167901888900322278780897023967773413860846212471197351587509193182659941013
63960168821448951059582915492191590212732739403958812886900467812024120618685
99732943752339187022451355559630077011497815981086600138537028978138540207390
23525737955886849503300844121801760515065197477519805185944003275714188275092
61507896342239360624752248775031207233368972755509318794509069147947839752027
6915404300815888267846202002421032067830671155789592574570183342428213316378
6030254455905178104945940083687259923750338998229192325809222645663830692530
14977146129285666305405732822591918429994641835395626909655556018068254353448
7195343743991187739238939342224415699955142044829872339451795603499043122389
40665218261334412880483174486917745762907630712327358500921813247217141663673
54044205575829245313272849677601025101553789750872572821547415098661909240046
75756177599471547335984664187159428196846114635011877013660297515957346399009
30306800097984484314760610178977579246292241291615387342383496433741542967706
39809937265409447195892571799606468528506314943395353135174187415273082506831
16957147069017782840195254481393239633868999970523025496473393881612389377717
59967789499323750521922813234234939151744341673521680408269933375210903006591
18057052424022012655417873594284364633450936071777908233599939918838680591261
76362244619852955920968600152683581907029640199005225068167919778759633525554
